,alpha,spectral_norm,D,longname,eigs,norm,alphahat,eigs_num
0,1.8402099609375,0.17314565181732178,0.18624360859394073,module.features.conv_1,"[1.01646538e-05 1.71133015e-05 6.50188449e-05 7.11844841e-05
 9.18024598e-05 1.05365449e-04 1.05675834e-04 1.53232817e-04
 1.68179482e-04 1.75841196e-04 1.79322029e-04 1.82682299e-04
 1.86252131e-04 2.10139187e-04 2.23639712e-04 2.46682961e-04
 2.51883059e-04 2.72914564e-04 2.76534585e-04 2.82698049e-04
 2.85941991e-04 2.92229262e-04 3.01429798e-04 3.33100761e-04
 3.48392612e-04 3.48934089e-04 3.49549140e-04 3.55707161e-04
 3.77515506e-04 4.54683002e-04 4.61781136e-04 4.63753648e-04
 4.71893523e-04 4.93043277e-04 5.99726452e-04 6.05638546e-04
 6.32965122e-04 6.74205017e-04 6.94448710e-04 7.06255436e-04
 7.09974323e-04 7.13655434e-04 7.22970464e-04 7.35714857e-04
 7.44629127e-04 7.72566069e-04 8.10270722e-04 8.91026284e-04
 9.42384242e-04 9.69600165e-04 9.73672315e-04 1.00568042e-03
 1.06141344e-03 1.06851791e-03 1.12563116e-03 1.13942777e-03
 1.20095408e-03 1.20828033e-03 1.21575780e-03 1.22521201e-03
 1.25118101e-03 1.25288463e-03 1.25455798e-03 1.27283111e-03
 1.28395751e-03 1.33647909e-03 1.35835074e-03 1.38045126e-03
 1.40281930e-03 1.51291117e-03 1.52804621e-03 1.55856484e-03
 1.57836056e-03 1.61428249e-03 1.67243183e-03 1.71258650e-03
 1.74626720e-03 1.76353438e-03 1.77870761e-03 1.79452426e-03
 1.80714251e-03 1.88183540e-03 1.90007326e-03 1.95971760e-03
 2.01875321e-03 2.05735909e-03 2.11711577e-03 2.11900170e-03
 2.16874480e-03 2.22461415e-03 2.25577923e-03 2.36067455e-03
 2.40773545e-03 2.42155115e-03 2.46994291e-03 2.51851580e-03
 2.63642520e-03 2.68923212e-03 2.74530216e-03 2.76268693e-03
 2.86434870e-03 2.87995348e-03 2.97130924e-03 3.06360493e-03
 3.22373188e-03 3.24654626e-03 3.28293885e-03 3.31899337e-03
 3.38179315e-03 3.44095076e-03 3.44487210e-03 3.44677898e-03
 3.54981306e-03 3.57279438e-03 3.60397995e-03 3.62688769e-03
 3.81207746e-03 3.82469082e-03 3.90757527e-03 4.04643733e-03
 4.16222215e-03 4.18409379e-03 4.21475340e-03 4.23885882e-03
 4.27715853e-03 4.34319349e-03 4.47095651e-03 4.61748941e-03
 4.68213158e-03 4.70665516e-03 4.71762428e-03 4.84955171e-03
 4.90266876e-03 4.92423261e-03 4.94000828e-03 5.17067313e-03
 5.32380678e-03 5.44025330e-03 5.46684489e-03 5.48531627e-03
 5.55827282e-03 5.56002604e-03 5.58761694e-03 5.69743291e-03
 6.00510789e-03 6.01100316e-03 6.17842097e-03 6.22844603e-03
 6.33888692e-03 6.41373033e-03 6.49166014e-03 6.74353307e-03
 6.79415185e-03 7.03805685e-03 7.08282553e-03 7.11747631e-03
 7.40777329e-03 7.57459179e-03 7.90349487e-03 7.91419018e-03
 7.92671088e-03 7.97374733e-03 8.07392690e-03 8.07582680e-03
 8.07866547e-03 8.41291528e-03 8.43313988e-03 8.60722736e-03
 8.66439566e-03 8.71841982e-03 8.77188426e-03 8.94075446e-03
 9.20090545e-03 9.24115814e-03 9.53988358e-03 9.58587136e-03
 9.60362889e-03 9.78488382e-03 9.88144707e-03 1.00311311e-02
 1.00365058e-02 1.02250315e-02 1.02818413e-02 1.04305865e-02
 1.07229901e-02 1.10329147e-02 1.10330824e-02 1.11072920e-02
 1.11621032e-02 1.14872539e-02 1.16453627e-02 1.18351560e-02
 1.18701942e-02 1.21387392e-02 1.21498350e-02 1.22524425e-02
 1.25206467e-02 1.25648128e-02 1.31518804e-02 1.31837958e-02
 1.39144314e-02 1.39386496e-02 1.39826024e-02 1.44254286e-02
 1.46051841e-02 1.47871803e-02 1.50152659e-02 1.52260307e-02
 1.52990632e-02 1.62070636e-02 1.64976437e-02 1.67254116e-02
 1.69669930e-02 1.72820874e-02 1.75201911e-02 1.78931337e-02
 1.80612914e-02 1.81726553e-02 1.82516053e-02 1.85066964e-02
 1.87269077e-02 1.88295282e-02 1.93380658e-02 1.93546433e-02
 1.94959771e-02 1.95420273e-02 1.98992342e-02 2.00196505e-02
 2.00421494e-02 2.00761948e-02 2.01658253e-02 2.03984249e-02
 2.04344802e-02 2.05115397e-02 2.06980184e-02 2.08294950e-02
 2.15496738e-02 2.16508880e-02 2.18993649e-02 2.20888108e-02
 2.21644975e-02 2.23606266e-02 2.25568116e-02 2.25717314e-02
 2.26181746e-02 2.28714701e-02 2.43374184e-02 2.44335402e-02
 2.44567208e-02 2.47278586e-02 2.48114374e-02 2.53718942e-02
 2.54048128e-02 2.60659922e-02 2.61216275e-02 2.62246057e-02
 2.70662997e-02 2.71648560e-02 2.73374598e-02 2.74869781e-02
 2.76594814e-02 2.79804058e-02 2.87845880e-02 2.88948640e-02
 2.92899087e-02 3.06384880e-02 3.07930708e-02 3.10463570e-02
 3.12364195e-02 3.15790586e-02 3.18317786e-02 3.18992138e-02
 3.24269272e-02 3.26548815e-02 3.35058086e-02 3.35724913e-02
 3.38467844e-02 3.38915326e-02 3.60138230e-02 3.75575982e-02
 3.78136560e-02 3.81671153e-02 3.82501557e-02 3.88874523e-02
 3.90069932e-02 3.94708402e-02 3.95511277e-02 3.99185941e-02
 4.02565151e-02 4.03236635e-02 4.03575301e-02 4.08054888e-02
 4.10940200e-02 4.13144790e-02 4.14561592e-02 4.16213498e-02
 4.25539613e-02 4.27712500e-02 4.31611612e-02 4.41421643e-02
 4.48502935e-02 4.56443168e-02 4.56527621e-02 4.61185835e-02
 4.62939218e-02 4.80067804e-02 4.94876839e-02 5.02692461e-02
 5.07413633e-02 5.14533445e-02 5.25924154e-02 5.26094958e-02
 5.39884456e-02 5.54900356e-02 5.56138530e-02 5.56296110e-02
 5.57559133e-02 5.60106710e-02 5.62106892e-02 5.66403568e-02
 5.68523854e-02 5.73985204e-02 5.78904115e-02 5.79365380e-02
 5.80467731e-02 5.83252683e-02 5.86057454e-02 6.15841858e-02
 6.27917945e-02 6.42977133e-02 6.49686679e-02 6.53069913e-02
 6.56092390e-02 6.59656003e-02 6.64352775e-02 6.64553121e-02
 6.67894259e-02 6.70310557e-02 6.79289997e-02 6.80823997e-02
 6.82582557e-02 7.22352043e-02 7.24875703e-02 7.25189373e-02
 7.32413754e-02 7.43661895e-02 7.65816346e-02 8.00891146e-02
 8.04755539e-02 8.12855363e-02 8.21091384e-02 8.24032649e-02
 8.24400932e-02 8.31467435e-02 8.43372270e-02 8.49227235e-02
 8.70623067e-02 8.74084681e-02 8.84174034e-02 9.28172171e-02
 9.86029878e-02 1.00648254e-01 1.01418607e-01 1.03711501e-01
 1.05109006e-01 1.07299894e-01 1.07896611e-01 1.18244864e-01
 1.24329038e-01 1.26286238e-01 1.30420730e-01 1.32189363e-01
 1.35032862e-01 1.55777782e-01 1.73145652e-01]",9.196085929870605,-1.4014825788689311,375
1,2.2528491020202637,0.00866694189608097,0.1863117814064026,module.features.conv_2,"[1.82040640e-05 2.21853188e-05 2.35208663e-05 2.46516684e-05
 2.77734853e-05 2.84178022e-05 3.20936924e-05 4.39019968e-05
 5.25114956e-05 6.34899625e-05 6.79682416e-05 7.17114890e-05
 7.24646961e-05 7.29725652e-05 7.29948879e-05 7.97388857e-05
 7.99550762e-05 8.43873640e-05 8.83821849e-05 9.12846735e-05
 9.95533483e-05 1.03841034e-04 1.06209751e-04 1.07728505e-04
 1.09373388e-04 1.09856104e-04 1.10094392e-04 1.17222808e-04
 1.28922562e-04 1.30730943e-04 1.44774705e-04 1.44959631e-04
 1.45245445e-04 1.51345419e-04 1.53600937e-04 1.57266346e-04
 1.61583084e-04 1.62823955e-04 1.72035230e-04 1.80482224e-04
 1.84553603e-04 1.84562581e-04 1.85071636e-04 1.87836064e-04
 2.09458332e-04 2.12617684e-04 2.20054484e-04 2.20745060e-04
 2.28068573e-04 2.41185568e-04 2.56362022e-04 2.61724344e-04
 2.69499375e-04 2.70122313e-04 2.77604791e-04 2.82509835e-04
 2.83145491e-04 2.83311820e-04 2.96120474e-04 3.04572284e-04
 3.06841248e-04 3.06947710e-04 3.13001772e-04 3.17742990e-04
 3.19071318e-04 3.35630728e-04 3.36533645e-04 3.39425605e-04
 3.40701517e-04 3.44691420e-04 3.57142824e-04 3.58377583e-04
 3.65924789e-04 3.75081698e-04 3.75308940e-04 3.83984647e-04
 3.86330765e-04 4.24252969e-04 4.39170195e-04 4.40089614e-04
 4.40626347e-04 4.43710480e-04 4.64344514e-04 4.65259305e-04
 4.65934514e-04 4.74517816e-04 4.83461190e-04 4.89948783e-04
 5.01322327e-04 5.04126132e-04 5.06820914e-04 5.11456339e-04
 5.17312728e-04 5.27402328e-04 5.27412514e-04 5.47601667e-04
 5.60355023e-04 5.61508001e-04 5.68190415e-04 5.83915098e-04
 5.96036552e-04 6.01569365e-04 6.20821374e-04 6.31369301e-04
 6.53645140e-04 6.62732637e-04 6.67536340e-04 6.83092163e-04
 6.83676335e-04 6.89488195e-04 7.00816512e-04 7.02508376e-04
 7.03823694e-04 7.15736125e-04 7.17729155e-04 7.25732127e-04
 7.51225103e-04 7.56076770e-04 7.68081460e-04 7.83945725e-04
 7.89736514e-04 7.97028071e-04 8.06384720e-04 8.16480373e-04
 8.34182953e-04 8.35217943e-04 8.39935266e-04 8.53526813e-04
 8.94897850e-04 8.97884718e-04 9.12604330e-04 9.30445443e-04
 9.53929790e-04 9.72348731e-04 9.75358998e-04 9.86525440e-04
 9.89331631e-04 9.91291599e-04 9.97603987e-04 1.00207969e-03
 1.02402293e-03 1.07624568e-03 1.09254359e-03 1.10530783e-03
 1.10555266e-03 1.11317972e-03 1.11608580e-03 1.13869773e-03
 1.14056806e-03 1.14548905e-03 1.15858798e-03 1.18957041e-03
 1.19633274e-03 1.20018481e-03 1.21754897e-03 1.22192304e-03
 1.23402779e-03 1.25915871e-03 1.27246906e-03 1.27837958e-03
 1.29366980e-03 1.29386364e-03 1.32072438e-03 1.34485739e-03
 1.37317553e-03 1.38474291e-03 1.40706892e-03 1.41586072e-03
 1.44848949e-03 1.45336462e-03 1.46268005e-03 1.49606937e-03
 1.50096009e-03 1.52386329e-03 1.52842421e-03 1.53237279e-03
 1.54216413e-03 1.55051937e-03 1.55280950e-03 1.57451723e-03
 1.58152403e-03 1.58326526e-03 1.60152500e-03 1.60310534e-03
 1.61987985e-03 1.64726586e-03 1.65048102e-03 1.65730948e-03
 1.67608063e-03 1.69205188e-03 1.69481104e-03 1.71878422e-03
 1.72114652e-03 1.74646301e-03 1.76419900e-03 1.76466745e-03
 1.81027025e-03 1.81647774e-03 1.83642982e-03 1.84256432e-03
 1.84276444e-03 1.86532969e-03 1.88755884e-03 1.89296785e-03
 1.89341453e-03 1.89906859e-03 1.90263009e-03 1.91418757e-03
 1.99825852e-03 2.00706790e-03 2.04958697e-03 2.06279173e-03
 2.08862708e-03 2.10708589e-03 2.12322059e-03 2.13555293e-03
 2.15148344e-03 2.15364597e-03 2.17551272e-03 2.26832856e-03
 2.27853400e-03 2.28413823e-03 2.29822914e-03 2.30396888e-03
 2.33311253e-03 2.35018646e-03 2.35056411e-03 2.35795137e-03
 2.37109396e-03 2.37539876e-03 2.37928727e-03 2.38187402e-03
 2.47546285e-03 2.49567511e-03 2.49816431e-03 2.54680705e-03
 2.56176060e-03 2.56881700e-03 2.62800022e-03 2.63104681e-03
 2.64791120e-03 2.66386662e-03 2.67517241e-03 2.73638614e-03
 2.78361887e-03 2.79904553e-03 2.81396299e-03 2.86539062e-03
 2.93248147e-03 2.94254045e-03 2.95882788e-03 2.99409893e-03
 3.00735305e-03 3.03375232e-03 3.03377002e-03 3.04180337e-03
 3.04640830e-03 3.05106887e-03 3.06675397e-03 3.07710865e-03
 3.09563568e-03 3.09977657e-03 3.19414749e-03 3.19869420e-03
 3.20935552e-03 3.21526150e-03 3.25195189e-03 3.26149166e-03
 3.31899640e-03 3.32948053e-03 3.33321793e-03 3.38061247e-03
 3.40002333e-03 3.51179601e-03 3.51570919e-03 3.52982548e-03
 3.53091396e-03 3.58218513e-03 3.58852255e-03 3.68057843e-03
 3.70781659e-03 3.77854705e-03 3.78444255e-03 3.80007550e-03
 3.80698266e-03 3.81973758e-03 3.86187993e-03 3.93518573e-03
 3.94331571e-03 3.95689253e-03 3.96547280e-03 3.98333231e-03
 4.00270475e-03 4.01204359e-03 4.03918792e-03 4.08001896e-03
 4.19125240e-03 4.32773354e-03 4.34946222e-03 4.36600484e-03
 4.37889667e-03 4.40631760e-03 4.40794555e-03 4.50226245e-03
 4.52534249e-03 4.59236559e-03 4.63015819e-03 4.63596778e-03
 4.70476178e-03 4.72800201e-03 4.74686874e-03 4.76031192e-03
 4.76883957e-03 4.77921916e-03 4.78282105e-03 4.83770436e-03
 4.84765600e-03 4.85179760e-03 4.85193729e-03 4.86949179e-03
 4.88606514e-03 5.01858955e-03 5.05010923e-03 5.14626456e-03
 5.19916276e-03 5.24254283e-03 5.30990027e-03 5.41633414e-03
 5.41948294e-03 5.48014045e-03 5.49176428e-03 5.54260192e-03
 5.61852474e-03 5.65394945e-03 5.69989625e-03 5.72909461e-03
 5.75090386e-03 5.80994366e-03 5.86863980e-03 5.88832283e-03
 5.91660198e-03 5.94399543e-03 5.96293900e-03 6.06760569e-03
 6.12438796e-03 6.14082208e-03 6.20592618e-03 6.23215130e-03
 6.32583303e-03 6.34054560e-03 6.35264348e-03 6.42975792e-03
 6.50018360e-03 6.63801748e-03 6.79369597e-03 6.82860240e-03
 6.83933776e-03 7.06647802e-03 7.11713545e-03 7.12990481e-03
 7.15123024e-03 7.25015532e-03 7.29202619e-03 7.36307213e-03
 7.40882475e-03 7.42960349e-03 7.51462672e-03 7.86254182e-03
 7.89903104e-03 7.93541502e-03 8.21433216e-03 8.42629839e-03
 8.52633733e-03 8.64701625e-03 8.66694190e-03]",0.8875693082809448,-4.645676989163844,375
2,2.4440560340881348,0.009558730758726597,0.18031567335128784,module.features.conv_4,"[2.10123435e-05 2.71715671e-05 3.86461579e-05 4.96765897e-05
 5.21087422e-05 5.57977764e-05 6.25982939e-05 6.86181229e-05
 7.11234898e-05 8.04761876e-05 8.62062152e-05 9.32832845e-05
 9.60489488e-05 1.16109615e-04 1.17800402e-04 1.19653188e-04
 1.29890745e-04 1.35189330e-04 1.57192917e-04 1.74906178e-04
 1.77042355e-04 1.80260860e-04 1.82860604e-04 1.91793806e-04
 1.92091044e-04 1.96372464e-04 2.02857860e-04 2.13418840e-04
 2.20196918e-04 2.21834052e-04 2.29385041e-04 2.38819484e-04
 2.49016099e-04 2.53420963e-04 2.67088151e-04 2.89781223e-04
 2.90396187e-04 2.96486571e-04 2.97971448e-04 3.01720080e-04
 3.09706549e-04 3.20911699e-04 3.23392742e-04 3.30164301e-04
 3.50670132e-04 3.58717516e-04 3.65184911e-04 3.67940840e-04
 3.71907023e-04 3.75574426e-04 3.78515018e-04 3.82602564e-04
 3.85174731e-04 3.94290633e-04 4.01025172e-04 4.12115303e-04
 4.15328133e-04 4.31626075e-04 4.38012416e-04 4.75367589e-04
 4.90250532e-04 4.92232502e-04 4.95202548e-04 5.03492833e-04
 5.04647789e-04 5.16432512e-04 5.27810538e-04 5.30074059e-04
 5.32278442e-04 5.42491151e-04 5.43485221e-04 5.61805151e-04
 5.73831087e-04 5.91867138e-04 5.97032311e-04 5.99345658e-04
 6.17600628e-04 6.27000991e-04 6.28323294e-04 6.31947245e-04
 6.85297942e-04 6.86315470e-04 7.14733149e-04 7.16732815e-04
 7.22011551e-04 7.22393626e-04 7.40024669e-04 7.46284786e-04
 7.60293275e-04 7.77805282e-04 7.92614301e-04 7.99808069e-04
 8.05335760e-04 8.06756725e-04 8.20391928e-04 8.40766705e-04
 8.45481176e-04 8.52442055e-04 8.52940080e-04 8.73801298e-04
 8.77700804e-04 8.83133558e-04 9.01517808e-04 9.04380984e-04
 9.18425329e-04 9.18670674e-04 9.48370493e-04 9.59156256e-04
 9.59463243e-04 9.60722275e-04 9.75493051e-04 9.78952390e-04
 1.02629710e-03 1.02926779e-03 1.03112089e-03 1.04364636e-03
 1.06181996e-03 1.11022010e-03 1.13681343e-03 1.13710761e-03
 1.14362151e-03 1.15413545e-03 1.20447052e-03 1.21214823e-03
 1.21434813e-03 1.22061337e-03 1.22987444e-03 1.23471196e-03
 1.24615664e-03 1.27351540e-03 1.27965910e-03 1.28459965e-03
 1.31724216e-03 1.32025057e-03 1.33440353e-03 1.33951206e-03
 1.38227758e-03 1.40866486e-03 1.40882505e-03 1.41595851e-03
 1.43514248e-03 1.43601140e-03 1.43941946e-03 1.44085300e-03
 1.45965291e-03 1.51422154e-03 1.51651260e-03 1.54609932e-03
 1.57357601e-03 1.57448091e-03 1.57449325e-03 1.59440888e-03
 1.61205430e-03 1.61385152e-03 1.62882288e-03 1.64389599e-03
 1.65705255e-03 1.65804627e-03 1.66758639e-03 1.66818185e-03
 1.74319337e-03 1.74417370e-03 1.76603359e-03 1.78079400e-03
 1.78940664e-03 1.81083672e-03 1.81096990e-03 1.81350030e-03
 1.86432677e-03 1.87347131e-03 1.91677315e-03 1.93067943e-03
 1.93935016e-03 1.94061885e-03 1.95580581e-03 1.99953630e-03
 2.00316915e-03 2.02506920e-03 2.03277217e-03 2.07812502e-03
 2.08046171e-03 2.11999915e-03 2.13288004e-03 2.14288197e-03
 2.17187800e-03 2.19137012e-03 2.20010406e-03 2.27864296e-03
 2.28787004e-03 2.31934409e-03 2.36458657e-03 2.37200805e-03
 2.37557478e-03 2.43068906e-03 2.43564835e-03 2.43708747e-03
 2.45821127e-03 2.46051629e-03 2.48467922e-03 2.49330723e-03
 2.49430141e-03 2.50892667e-03 2.50967988e-03 2.54553417e-03
 2.62213917e-03 2.63880054e-03 2.65488354e-03 2.65516550e-03
 2.69554905e-03 2.77919252e-03 2.80490029e-03 2.80744163e-03
 2.81759561e-03 2.83526094e-03 2.83795106e-03 2.88876262e-03
 2.90536857e-03 2.94399168e-03 2.94420472e-03 2.98353704e-03
 2.99255271e-03 3.00078141e-03 3.00078699e-03 3.01702507e-03
 3.02319298e-03 3.04475194e-03 3.06446827e-03 3.08008376e-03
 3.11493035e-03 3.14528588e-03 3.15894443e-03 3.21986643e-03
 3.22121708e-03 3.26024811e-03 3.28045222e-03 3.28702410e-03
 3.37347155e-03 3.37717938e-03 3.39014339e-03 3.40317120e-03
 3.40599567e-03 3.42917652e-03 3.44158406e-03 3.50489933e-03
 3.50803765e-03 3.52959172e-03 3.54723446e-03 3.56674171e-03
 3.60864704e-03 3.64875607e-03 3.66205559e-03 3.73273878e-03
 3.75733990e-03 3.77206411e-03 3.83254141e-03 3.84319853e-03
 3.94502655e-03 3.96692473e-03 3.97696020e-03 4.00794437e-03
 4.01058514e-03 4.01173392e-03 4.02449677e-03 4.03291825e-03
 4.03639860e-03 4.03713714e-03 4.04854910e-03 4.05178033e-03
 4.10634652e-03 4.13482822e-03 4.15442046e-03 4.22851322e-03
 4.23280429e-03 4.31311922e-03 4.31599468e-03 4.33996134e-03
 4.36835643e-03 4.41114372e-03 4.42002667e-03 4.42381017e-03
 4.42664092e-03 4.45288979e-03 4.49802401e-03 4.53087874e-03
 4.54979111e-03 4.59651183e-03 4.67357552e-03 4.70614387e-03
 4.71421983e-03 4.78970120e-03 4.79725515e-03 4.80869040e-03
 4.83447313e-03 4.85153915e-03 4.85283742e-03 4.85415058e-03
 4.91578085e-03 4.97422600e-03 5.08277304e-03 5.12538524e-03
 5.21360198e-03 5.29932091e-03 5.31046046e-03 5.32287173e-03
 5.38446940e-03 5.42695401e-03 5.52019430e-03 5.56141371e-03
 5.57168992e-03 5.59783773e-03 5.63185662e-03 5.64305065e-03
 5.67845488e-03 5.73293259e-03 5.74912876e-03 5.75978821e-03
 5.83719276e-03 5.89656970e-03 5.96474903e-03 6.02607056e-03
 6.06575189e-03 6.07219944e-03 6.08856417e-03 6.13565231e-03
 6.16106298e-03 6.23190636e-03 6.24561822e-03 6.31315913e-03
 6.32483605e-03 6.35329913e-03 6.39715325e-03 6.49966579e-03
 6.50559226e-03 6.55061938e-03 6.70575537e-03 6.75591361e-03
 6.79372065e-03 6.79556560e-03 6.85732206e-03 6.86088623e-03
 6.91392878e-03 6.92927511e-03 6.99366443e-03 7.07423640e-03
 7.20157800e-03 7.33642746e-03 7.49747315e-03 7.53321964e-03
 7.57078594e-03 7.58833485e-03 7.61938887e-03 7.64238695e-03
 7.67932972e-03 7.70132244e-03 7.84030464e-03 7.87720084e-03
 7.89234322e-03 7.93479383e-03 8.03390425e-03 8.12262483e-03
 8.18879157e-03 8.27987958e-03 8.32015183e-03 8.45427904e-03
 8.46027955e-03 8.51596985e-03 8.55167210e-03 8.57385527e-03
 8.62133317e-03 9.02291201e-03 9.05708317e-03 9.05840937e-03
 9.09301545e-03 9.37384460e-03 9.55873076e-03]",1.0951122045516968,-4.936015006795665,375
3,2.3693320751190186,0.005631294101476669,0.18951348960399628,module.features.conv_5,"[1.41983792e-05 1.75769546e-05 2.73066344e-05 2.95844548e-05
 3.43489482e-05 3.77863253e-05 3.78033874e-05 3.86192696e-05
 4.31810404e-05 4.45824517e-05 4.71234525e-05 4.93920634e-05
 4.94176384e-05 5.17545923e-05 5.65185946e-05 5.67760471e-05
 6.05232999e-05 6.39683713e-05 7.00943856e-05 7.14724229e-05
 7.30925822e-05 7.38726521e-05 7.41760814e-05 7.54202192e-05
 7.68186801e-05 7.74122818e-05 7.96888489e-05 8.20843270e-05
 9.05604029e-05 9.14018092e-05 9.29770977e-05 1.02561382e-04
 1.12175781e-04 1.12389156e-04 1.12766254e-04 1.15217925e-04
 1.17275507e-04 1.22382509e-04 1.28959815e-04 1.32406116e-04
 1.39528973e-04 1.40108968e-04 1.41916360e-04 1.47138606e-04
 1.47988918e-04 1.51839500e-04 1.54255162e-04 1.61123739e-04
 1.65564285e-04 1.77591326e-04 1.78476737e-04 1.89087747e-04
 1.97798247e-04 1.99858448e-04 2.01120070e-04 2.04881595e-04
 2.06727156e-04 2.11611405e-04 2.12575920e-04 2.13276580e-04
 2.15087828e-04 2.21895112e-04 2.22951639e-04 2.23689553e-04
 2.23755022e-04 2.24708594e-04 2.30571226e-04 2.30967591e-04
 2.36550986e-04 2.45242234e-04 2.48280820e-04 2.49059900e-04
 2.59104534e-04 2.65371433e-04 2.68996897e-04 2.71411787e-04
 2.75361410e-04 2.75585713e-04 2.86607014e-04 2.87314382e-04
 3.10175819e-04 3.13021999e-04 3.35205201e-04 3.41337378e-04
 3.45624576e-04 3.46617744e-04 3.50187358e-04 3.53600946e-04
 3.58971651e-04 3.64466396e-04 3.65463959e-04 3.70791880e-04
 3.71584669e-04 3.71888833e-04 3.72381241e-04 3.75015050e-04
 3.96475458e-04 3.99807323e-04 4.08684515e-04 4.15557384e-04
 4.17675095e-04 4.27653111e-04 4.29655280e-04 4.35005612e-04
 4.37278271e-04 4.38038696e-04 4.43687954e-04 4.54172929e-04
 4.54951864e-04 4.76488553e-04 4.80771880e-04 4.83244337e-04
 4.87628742e-04 4.92130348e-04 4.98219393e-04 5.08592464e-04
 5.25507319e-04 5.32031292e-04 5.33646846e-04 5.41344984e-04
 5.48325886e-04 5.54442464e-04 5.59101638e-04 5.71207085e-04
 5.72363439e-04 5.87256625e-04 6.06794958e-04 6.07561611e-04
 6.19414728e-04 6.28489070e-04 6.32598647e-04 6.34346507e-04
 6.35846111e-04 6.36029174e-04 6.37743913e-04 6.44907181e-04
 6.46474888e-04 6.51183655e-04 6.62700739e-04 6.64706749e-04
 6.69449335e-04 6.74868643e-04 7.06746243e-04 7.14770227e-04
 7.27903214e-04 7.28421903e-04 7.29402353e-04 7.37957831e-04
 7.52720574e-04 7.68997183e-04 7.77444977e-04 7.80106464e-04
 7.80404429e-04 7.81739422e-04 7.86367222e-04 7.88685749e-04
 7.97357294e-04 8.01826711e-04 8.03606526e-04 8.28130287e-04
 8.46235082e-04 8.48844647e-04 8.66924354e-04 8.70087068e-04
 8.90588795e-04 9.14034259e-04 9.25988541e-04 9.27180226e-04
 9.40350641e-04 9.58541175e-04 9.65742161e-04 9.67086351e-04
 9.82605387e-04 9.84549755e-04 9.88503918e-04 9.92457732e-04
 9.96315968e-04 1.00581604e-03 1.01085391e-03 1.01792847e-03
 1.03265618e-03 1.03731325e-03 1.05264073e-03 1.05301326e-03
 1.05575018e-03 1.05717347e-03 1.06175686e-03 1.06940488e-03
 1.07305392e-03 1.07490423e-03 1.09274313e-03 1.09330227e-03
 1.09607505e-03 1.11375307e-03 1.12169283e-03 1.12302124e-03
 1.13637559e-03 1.14723924e-03 1.15057360e-03 1.18414068e-03
 1.19245902e-03 1.19260722e-03 1.19573693e-03 1.21082226e-03
 1.21182529e-03 1.21325220e-03 1.21549622e-03 1.24375627e-03
 1.25104375e-03 1.25413714e-03 1.26867450e-03 1.28330803e-03
 1.29774073e-03 1.29829417e-03 1.32869533e-03 1.33126567e-03
 1.34571467e-03 1.36160303e-03 1.38350553e-03 1.40015688e-03
 1.40112953e-03 1.44155615e-03 1.44751358e-03 1.46140403e-03
 1.46885135e-03 1.47412787e-03 1.49397133e-03 1.53886923e-03
 1.54169602e-03 1.54484215e-03 1.55202334e-03 1.58164371e-03
 1.59257022e-03 1.62093283e-03 1.62139779e-03 1.62460830e-03
 1.62627641e-03 1.63473235e-03 1.64552126e-03 1.64764270e-03
 1.65222678e-03 1.67362310e-03 1.69550127e-03 1.71622203e-03
 1.74808095e-03 1.74904149e-03 1.77711039e-03 1.78618869e-03
 1.78931560e-03 1.79499807e-03 1.79854187e-03 1.80521351e-03
 1.81566994e-03 1.81793550e-03 1.83558417e-03 1.83645089e-03
 1.83851761e-03 1.84528530e-03 1.85586384e-03 1.85762730e-03
 1.85974443e-03 1.87817938e-03 1.90007756e-03 1.90932292e-03
 1.94000709e-03 1.95826194e-03 1.97267602e-03 2.04718136e-03
 2.04826798e-03 2.05413741e-03 2.09454400e-03 2.11865595e-03
 2.12188042e-03 2.13444373e-03 2.13729870e-03 2.15070695e-03
 2.15824065e-03 2.15966417e-03 2.16588797e-03 2.20347545e-03
 2.22753501e-03 2.22840812e-03 2.22877227e-03 2.23105634e-03
 2.23261002e-03 2.26030359e-03 2.29032175e-03 2.29298160e-03
 2.32051872e-03 2.35734973e-03 2.35901959e-03 2.43041222e-03
 2.45413953e-03 2.46207765e-03 2.47882586e-03 2.48833187e-03
 2.52502109e-03 2.53421161e-03 2.56784726e-03 2.58840178e-03
 2.59061437e-03 2.59192172e-03 2.60960567e-03 2.61599617e-03
 2.64100824e-03 2.64350302e-03 2.65992666e-03 2.67208181e-03
 2.68777367e-03 2.72929971e-03 2.72945152e-03 2.74981325e-03
 2.75294832e-03 2.76194606e-03 2.78354692e-03 2.78532831e-03
 2.79836333e-03 2.84757023e-03 2.91030924e-03 2.94702989e-03
 2.96310638e-03 2.98159034e-03 2.98803276e-03 2.99966848e-03
 3.00953863e-03 3.01649235e-03 3.02443281e-03 3.03030200e-03
 3.08476924e-03 3.10058170e-03 3.10106343e-03 3.10605881e-03
 3.14071425e-03 3.20977275e-03 3.26867891e-03 3.27088917e-03
 3.29226744e-03 3.31770373e-03 3.32684140e-03 3.37183592e-03
 3.42125702e-03 3.44279036e-03 3.47877643e-03 3.49727180e-03
 3.52974003e-03 3.62740853e-03 3.67341866e-03 3.71539243e-03
 3.77650908e-03 3.79873253e-03 3.82653042e-03 3.85551387e-03
 3.88343981e-03 3.88771831e-03 3.93206766e-03 3.97786917e-03
 3.99114378e-03 4.01681522e-03 4.01732698e-03 4.03380906e-03
 4.13565524e-03 4.14275425e-03 4.15276363e-03 4.23859293e-03
 4.24355874e-03 4.24644863e-03 4.26077098e-03 4.29334352e-03
 4.30739997e-03 4.30983957e-03 4.42455010e-03 4.47204197e-03
 5.15261479e-03 5.19266678e-03 5.63129410e-03]",0.5366822481155396,-5.329556118709174,375
4,2.404517889022827,0.0047484938986599445,0.18080899119377136,module.features.conv_7,"[2.1978516e-05 2.2978031e-05 3.1047755e-05 3.3885586e-05 3.8829967e-05
 4.5210472e-05 4.8203550e-05 5.1222167e-05 5.1746647e-05 5.7129906e-05
 6.3238011e-05 6.3743755e-05 6.5625318e-05 6.9187874e-05 7.2183400e-05
 7.8344536e-05 7.8812685e-05 8.0049809e-05 8.1189668e-05 8.8911598e-05
 9.1591202e-05 9.4486772e-05 9.5219584e-05 9.6276242e-05 1.0412010e-04
 1.0842689e-04 1.1481906e-04 1.1631599e-04 1.1739142e-04 1.1908081e-04
 1.1931663e-04 1.2251564e-04 1.3013561e-04 1.3284165e-04 1.3624686e-04
 1.4774631e-04 1.5125413e-04 1.5372589e-04 1.5522412e-04 1.6042784e-04
 1.6239146e-04 1.7407032e-04 1.7454026e-04 1.7479653e-04 1.7692267e-04
 1.7801418e-04 1.7804676e-04 1.8158076e-04 1.8334360e-04 1.8676165e-04
 1.9381043e-04 1.9540483e-04 2.0008294e-04 2.0060844e-04 2.0326975e-04
 2.0734862e-04 2.0801996e-04 2.2163514e-04 2.3120844e-04 2.3153574e-04
 2.3193689e-04 2.3651366e-04 2.3739522e-04 2.3790437e-04 2.4043665e-04
 2.4059802e-04 2.4498443e-04 2.4541627e-04 2.4814729e-04 2.5285635e-04
 2.5289788e-04 2.5389946e-04 2.5578466e-04 2.6632208e-04 2.6823042e-04
 2.8667488e-04 2.9076467e-04 2.9975557e-04 3.0387900e-04 3.0885893e-04
 3.1173712e-04 3.1962828e-04 3.2066274e-04 3.3227919e-04 3.3798756e-04
 3.4043376e-04 3.4140228e-04 3.4211620e-04 3.4331653e-04 3.4457986e-04
 3.4877035e-04 3.5180605e-04 3.5839388e-04 3.5868026e-04 3.7542940e-04
 3.9217816e-04 3.9487687e-04 3.9742037e-04 4.0684865e-04 4.1457324e-04
 4.3299457e-04 4.3402665e-04 4.4234339e-04 4.4444684e-04 4.4796875e-04
 4.5894823e-04 4.6531251e-04 4.6558585e-04 4.6748569e-04 4.8793911e-04
 4.9063435e-04 4.9726781e-04 5.1939418e-04 5.2595796e-04 5.2748492e-04
 5.5160711e-04 5.6168652e-04 5.6306459e-04 5.7172263e-04 5.8621366e-04
 5.8705459e-04 5.9519964e-04 5.9825520e-04 6.0041150e-04 6.0565979e-04
 6.1802089e-04 6.3816481e-04 6.4563396e-04 6.4661697e-04 6.5772730e-04
 6.5879175e-04 6.6409860e-04 6.6699507e-04 6.7427172e-04 6.7914167e-04
 6.8196590e-04 6.9577619e-04 7.1930053e-04 7.1987353e-04 7.2527712e-04
 7.3807687e-04 7.3939585e-04 7.4045168e-04 7.4156665e-04 7.5602444e-04
 7.7013625e-04 7.7056832e-04 7.7138777e-04 7.8305928e-04 7.9514162e-04
 8.0669048e-04 8.1289129e-04 8.1346929e-04 8.1696792e-04 8.1784377e-04
 8.3705649e-04 8.3713542e-04 8.4144989e-04 8.4623171e-04 8.4964593e-04
 8.5186964e-04 8.5398107e-04 8.6933194e-04 8.7082584e-04 8.8144874e-04
 8.8315544e-04 8.8850275e-04 8.8922580e-04 9.3938707e-04 9.4274367e-04
 9.6219318e-04 9.6703164e-04 9.6816430e-04 9.7270793e-04 9.7952585e-04
 9.9364412e-04 9.9617802e-04 9.9620246e-04 1.0016920e-03 1.0146595e-03
 1.0262257e-03 1.0343257e-03 1.0456904e-03 1.0513227e-03 1.0678155e-03
 1.0758055e-03 1.0795651e-03 1.0962428e-03 1.1103284e-03 1.1139472e-03
 1.1239025e-03 1.1239721e-03 1.1242902e-03 1.1281417e-03 1.1422576e-03
 1.1491580e-03 1.1540068e-03 1.1557853e-03 1.1584242e-03 1.1875122e-03
 1.1881259e-03 1.2030788e-03 1.2085678e-03 1.2209798e-03 1.2422102e-03
 1.2502664e-03 1.2518587e-03 1.2528413e-03 1.2735438e-03 1.2879724e-03
 1.2973738e-03 1.3169631e-03 1.3318214e-03 1.3484873e-03 1.3609584e-03
 1.3643529e-03 1.3966870e-03 1.4107559e-03 1.4137563e-03 1.4344022e-03
 1.4521872e-03 1.4592883e-03 1.4606605e-03 1.4646200e-03 1.4842482e-03
 1.5009502e-03 1.5096286e-03 1.5236570e-03 1.5293789e-03 1.5337260e-03
 1.5455078e-03 1.5624979e-03 1.5670691e-03 1.5671166e-03 1.5674387e-03
 1.6465895e-03 1.6488530e-03 1.6709090e-03 1.6712672e-03 1.6769306e-03
 1.6834371e-03 1.6869138e-03 1.6905523e-03 1.7056296e-03 1.7061937e-03
 1.7380732e-03 1.7534492e-03 1.7544453e-03 1.7662910e-03 1.7703818e-03
 1.7820044e-03 1.7824121e-03 1.8003661e-03 1.8019978e-03 1.8382841e-03
 1.8387083e-03 1.8928181e-03 1.8936872e-03 1.8937585e-03 1.9099474e-03
 1.9193157e-03 1.9264105e-03 1.9626433e-03 1.9856421e-03 2.0377475e-03
 2.0416675e-03 2.0451441e-03 2.0636800e-03 2.0704831e-03 2.0723415e-03
 2.0790524e-03 2.0900497e-03 2.1353571e-03 2.1413281e-03 2.1572108e-03
 2.1784327e-03 2.1840995e-03 2.1959422e-03 2.2037541e-03 2.2229683e-03
 2.2321006e-03 2.2335858e-03 2.2402632e-03 2.2752981e-03 2.3242328e-03
 2.3300371e-03 2.3376921e-03 2.3499269e-03 2.3505976e-03 2.3636958e-03
 2.3824365e-03 2.3868815e-03 2.4140731e-03 2.4562106e-03 2.4691273e-03
 2.4916378e-03 2.5108771e-03 2.5161700e-03 2.5909790e-03 2.5995565e-03
 2.6095805e-03 2.6339616e-03 2.6399987e-03 2.6476756e-03 2.6543119e-03
 2.6563990e-03 2.6738171e-03 2.7001922e-03 2.7033852e-03 2.7185264e-03
 2.7385808e-03 2.7388928e-03 2.8329445e-03 2.8437932e-03 2.8867612e-03
 2.8915319e-03 2.8921242e-03 2.8973767e-03 2.9037481e-03 2.9186062e-03
 2.9407968e-03 3.0059689e-03 3.0283430e-03 3.0445440e-03 3.1034769e-03
 3.1079941e-03 3.1539740e-03 3.1548264e-03 3.1729068e-03 3.1736086e-03
 3.1950448e-03 3.1996067e-03 3.2221440e-03 3.2223631e-03 3.2381720e-03
 3.2425798e-03 3.2615471e-03 3.3073414e-03 3.3361311e-03 3.3685509e-03
 3.3697898e-03 3.3876139e-03 3.3941986e-03 3.4302671e-03 3.4427096e-03
 3.4605649e-03 3.5221362e-03 3.5322211e-03 3.7131652e-03 3.7299192e-03
 3.7749736e-03 3.7916319e-03 3.8674206e-03 3.8677398e-03 3.9019964e-03
 3.9796578e-03 3.9974349e-03 4.0035844e-03 4.0611173e-03 4.0643141e-03
 4.1079270e-03 4.1086283e-03 4.1387235e-03 4.1822009e-03 4.1951737e-03
 4.3200986e-03 4.3234844e-03 4.3769772e-03 4.4013583e-03 4.4566784e-03
 4.4828751e-03 4.6631461e-03 4.7161151e-03 4.7370140e-03 4.7484939e-03]",0.5408561825752258,-5.586762940308861,375
5,2.38687801361084,0.002684147097170353,0.15332242846488953,module.features.conv_8,"[7.29653857e-06 1.12579928e-05 1.41823393e-05 1.63944678e-05
 1.68644528e-05 1.91716335e-05 2.00151553e-05 2.15070522e-05
 2.22509479e-05 2.29202324e-05 2.29795187e-05 2.33025294e-05
 2.40206118e-05 2.41581492e-05 2.46701802e-05 3.28105161e-05
 3.39801663e-05 3.45563640e-05 3.59358128e-05 3.85882704e-05
 3.98465418e-05 4.15451432e-05 4.16557596e-05 4.17103693e-05
 4.18178643e-05 4.27654413e-05 4.36560767e-05 4.37274612e-05
 4.37283779e-05 4.37813396e-05 4.46292761e-05 5.24202878e-05
 5.30380858e-05 5.52127312e-05 5.62108762e-05 6.10307761e-05
 6.14598466e-05 6.18217309e-05 6.36242476e-05 6.52800372e-05
 6.84577244e-05 6.96822826e-05 7.26376165e-05 7.31447144e-05
 7.38019880e-05 7.45598372e-05 7.48136736e-05 7.76180459e-05
 8.42032823e-05 8.64753310e-05 8.92887474e-05 9.27788133e-05
 9.35087301e-05 9.61062033e-05 9.63133862e-05 9.63699713e-05
 9.72225534e-05 9.93602516e-05 9.98427931e-05 1.00173784e-04
 1.04105718e-04 1.05179213e-04 1.06325249e-04 1.12511741e-04
 1.13799731e-04 1.14014685e-04 1.19355864e-04 1.20235185e-04
 1.20708348e-04 1.22971353e-04 1.24773869e-04 1.26306244e-04
 1.29224136e-04 1.32134097e-04 1.35270326e-04 1.38516756e-04
 1.41276265e-04 1.42237783e-04 1.44027872e-04 1.47546642e-04
 1.47883169e-04 1.50439897e-04 1.52332897e-04 1.52825756e-04
 1.57629533e-04 1.58051364e-04 1.58148090e-04 1.59339994e-04
 1.59510688e-04 1.59596588e-04 1.63914578e-04 1.64553130e-04
 1.67391205e-04 1.68883707e-04 1.72888729e-04 1.81462368e-04
 1.88758437e-04 1.93713655e-04 1.95595814e-04 1.97442845e-04
 2.01583956e-04 2.06805154e-04 2.07254387e-04 2.08238111e-04
 2.08373662e-04 2.10122045e-04 2.12990679e-04 2.16322427e-04
 2.27249227e-04 2.33058556e-04 2.37539425e-04 2.39458459e-04
 2.41661459e-04 2.42481212e-04 2.46104057e-04 2.49001576e-04
 2.51890509e-04 2.53626902e-04 2.53700360e-04 2.60062108e-04
 2.66829156e-04 2.72451027e-04 2.78404623e-04 2.79705389e-04
 2.79830303e-04 2.86082533e-04 2.86819530e-04 2.87206291e-04
 2.90013617e-04 2.94215191e-04 2.94251106e-04 3.05255584e-04
 3.06524074e-04 3.08867835e-04 3.12831951e-04 3.15935904e-04
 3.16501508e-04 3.17416620e-04 3.33592034e-04 3.39016347e-04
 3.51863069e-04 3.60770413e-04 3.61018814e-04 3.64805193e-04
 3.66268127e-04 3.72608949e-04 3.73968214e-04 3.74477706e-04
 3.79087898e-04 3.79291596e-04 3.79523641e-04 3.80024780e-04
 3.83322040e-04 3.85293039e-04 3.85572406e-04 3.93457041e-04
 3.94849834e-04 3.99030570e-04 3.99565819e-04 4.04703198e-04
 4.06367646e-04 4.17920499e-04 4.32470493e-04 4.39160125e-04
 4.42493183e-04 4.50439431e-04 4.54111490e-04 4.56000678e-04
 4.65843419e-04 4.70077212e-04 4.72901098e-04 4.74616681e-04
 4.75749112e-04 4.76936577e-04 4.80311632e-04 4.81231546e-04
 4.82686388e-04 4.88519843e-04 4.93974367e-04 4.99538844e-04
 5.32458420e-04 5.33138926e-04 5.35573927e-04 5.37562068e-04
 5.38870925e-04 5.39365166e-04 5.43522416e-04 5.48283802e-04
 5.52941521e-04 5.62924310e-04 5.66791627e-04 5.75828715e-04
 5.84224123e-04 5.84397756e-04 5.85111266e-04 5.86008071e-04
 5.97381499e-04 6.08075759e-04 6.11098134e-04 6.16567209e-04
 6.22081978e-04 6.28268637e-04 6.32454990e-04 6.33474789e-04
 6.35062461e-04 6.36968121e-04 6.36971672e-04 6.38620462e-04
 6.41503488e-04 6.41741266e-04 6.42642844e-04 6.45718479e-04
 6.47769193e-04 6.51514565e-04 6.54671865e-04 6.68191467e-04
 6.77279371e-04 6.80375961e-04 6.86100568e-04 6.95483817e-04
 6.97395473e-04 7.05433951e-04 7.26353668e-04 7.29891181e-04
 7.32742075e-04 7.39215466e-04 7.47486309e-04 7.48322345e-04
 7.51038780e-04 7.57940696e-04 7.59207818e-04 7.65957229e-04
 7.69397768e-04 7.81206589e-04 7.82451825e-04 7.82559509e-04
 7.86281249e-04 7.94664666e-04 8.04144947e-04 8.06656491e-04
 8.08448007e-04 8.19316192e-04 8.29357770e-04 8.34558334e-04
 8.36865511e-04 8.39692308e-04 8.43322428e-04 8.44512309e-04
 8.54813203e-04 8.67383729e-04 8.76802544e-04 8.91306787e-04
 8.94624915e-04 9.02636908e-04 9.05452063e-04 9.23879445e-04
 9.25645989e-04 9.27351182e-04 9.32063267e-04 9.40090860e-04
 9.40353493e-04 9.57332959e-04 9.59862315e-04 9.64644656e-04
 9.72189358e-04 9.81046120e-04 9.90735251e-04 9.98264179e-04
 1.02044386e-03 1.03155058e-03 1.03584805e-03 1.03716156e-03
 1.04406383e-03 1.05278450e-03 1.05333771e-03 1.05940574e-03
 1.07275671e-03 1.08134700e-03 1.10196101e-03 1.11380580e-03
 1.13050430e-03 1.14367867e-03 1.14960782e-03 1.15159154e-03
 1.15673745e-03 1.16375578e-03 1.16579770e-03 1.17000344e-03
 1.17320300e-03 1.18106836e-03 1.19687314e-03 1.20339612e-03
 1.20542198e-03 1.21127360e-03 1.22484437e-03 1.24627398e-03
 1.24921661e-03 1.25803507e-03 1.26764853e-03 1.27066439e-03
 1.27549120e-03 1.28252129e-03 1.29447877e-03 1.29758986e-03
 1.31248799e-03 1.36773312e-03 1.39816536e-03 1.39818969e-03
 1.41625491e-03 1.41939137e-03 1.41986355e-03 1.42821250e-03
 1.44519040e-03 1.46315701e-03 1.46883028e-03 1.47593603e-03
 1.49481976e-03 1.49760663e-03 1.50979974e-03 1.51179708e-03
 1.51858979e-03 1.52582745e-03 1.54292234e-03 1.54749083e-03
 1.57625251e-03 1.57892832e-03 1.59038289e-03 1.59328710e-03
 1.60244165e-03 1.62467314e-03 1.64672860e-03 1.68104097e-03
 1.69070403e-03 1.69931701e-03 1.69936987e-03 1.76815840e-03
 1.77494390e-03 1.79458619e-03 1.81811687e-03 1.82279944e-03
 1.82920939e-03 1.85385440e-03 1.85645244e-03 1.86048157e-03
 1.86325435e-03 1.86354353e-03 1.87880744e-03 1.89412304e-03
 1.90709380e-03 1.91622193e-03 1.91738026e-03 1.97414751e-03
 1.98724400e-03 2.00054841e-03 2.01380346e-03 2.01563793e-03
 2.02593068e-03 2.03664787e-03 2.04226864e-03 2.06442038e-03
 2.07373383e-03 2.10357457e-03 2.11829715e-03 2.21260358e-03
 2.21785461e-03 2.21850746e-03 2.22189701e-03 2.26473925e-03
 2.28338479e-03 2.31520738e-03 2.36340961e-03 2.37606792e-03
 2.39046686e-03 2.41323747e-03 2.68414710e-03]",0.2721874713897705,-6.137125681565057,375
6,2.4475579261779785,0.0024247318506240845,0.1767735481262207,module.features.conv_9,"[2.73431328e-06 7.59004843e-06 1.36830158e-05 1.40543016e-05
 1.64023386e-05 1.99929036e-05 2.08336824e-05 2.30398146e-05
 2.35051320e-05 2.43055547e-05 2.44297153e-05 2.53997150e-05
 2.54306178e-05 2.62395006e-05 2.92346467e-05 3.09219686e-05
 3.18969178e-05 3.51342715e-05 3.53554206e-05 4.03831218e-05
 4.18629825e-05 4.48264000e-05 4.74095432e-05 4.88223850e-05
 5.01019640e-05 5.48901735e-05 5.54041435e-05 5.62358873e-05
 5.66774470e-05 5.73267716e-05 6.03349363e-05 6.12054573e-05
 6.25671746e-05 6.34508469e-05 6.47295019e-05 6.92718168e-05
 6.99105076e-05 7.32572225e-05 7.37817463e-05 7.58089154e-05
 7.68866230e-05 7.71144696e-05 7.88788238e-05 8.06290700e-05
 8.21764406e-05 8.23466835e-05 8.26265023e-05 8.41768633e-05
 8.65862894e-05 8.70502481e-05 8.71349039e-05 9.01201784e-05
 9.10058952e-05 9.43858395e-05 9.99531403e-05 1.02081438e-04
 1.03570732e-04 1.05799889e-04 1.06132582e-04 1.09082706e-04
 1.10790861e-04 1.12612601e-04 1.13308102e-04 1.18205586e-04
 1.21418729e-04 1.21759367e-04 1.22773738e-04 1.23169448e-04
 1.27251726e-04 1.29426262e-04 1.32101573e-04 1.42656325e-04
 1.47270723e-04 1.48157793e-04 1.53016343e-04 1.54852693e-04
 1.58479757e-04 1.59329764e-04 1.64516605e-04 1.67628896e-04
 1.69796360e-04 1.72014508e-04 1.73283843e-04 1.76085305e-04
 1.77230002e-04 1.80948686e-04 1.82964519e-04 1.84347198e-04
 1.84514807e-04 1.86086778e-04 1.86460995e-04 1.89299113e-04
 1.92096762e-04 1.94515218e-04 1.95213433e-04 2.00000984e-04
 2.05720527e-04 2.07136734e-04 2.16430271e-04 2.17265246e-04
 2.18202185e-04 2.19913592e-04 2.23925206e-04 2.27394528e-04
 2.29540659e-04 2.32641789e-04 2.34956649e-04 2.42062888e-04
 2.43597475e-04 2.50080193e-04 2.65308132e-04 2.65950861e-04
 2.66492454e-04 2.75997736e-04 2.79579603e-04 2.87079776e-04
 2.87517178e-04 2.89002375e-04 2.94014782e-04 2.98988423e-04
 3.03961220e-04 3.05900467e-04 3.06694710e-04 3.09250754e-04
 3.09698749e-04 3.11004696e-04 3.11497948e-04 3.17624392e-04
 3.21400701e-04 3.22334730e-04 3.26468667e-04 3.29505740e-04
 3.34041746e-04 3.34165117e-04 3.35619727e-04 3.43129213e-04
 3.47030116e-04 3.47808149e-04 3.49198759e-04 3.49604525e-04
 3.54641641e-04 3.59504163e-04 3.60951351e-04 3.60960752e-04
 3.64834152e-04 3.66991648e-04 3.68539826e-04 3.75967124e-04
 3.77023534e-04 3.81026301e-04 3.81601945e-04 3.85282416e-04
 3.87715438e-04 3.92914691e-04 3.94337607e-04 3.95288254e-04
 4.04085091e-04 4.04413062e-04 4.05664759e-04 4.09931934e-04
 4.29478649e-04 4.37852665e-04 4.38852905e-04 4.48077160e-04
 4.48587118e-04 4.54446883e-04 4.58472787e-04 4.61263000e-04
 4.70800122e-04 4.73616121e-04 4.83428186e-04 4.83873213e-04
 4.90245817e-04 4.91691288e-04 4.92636580e-04 5.05994831e-04
 5.07915451e-04 5.09425648e-04 5.15508757e-04 5.18309593e-04
 5.20932896e-04 5.21234819e-04 5.30136342e-04 5.30635705e-04
 5.36065549e-04 5.38203516e-04 5.57047955e-04 5.65926428e-04
 5.68769814e-04 5.70851553e-04 5.81101573e-04 5.82213455e-04
 5.86228387e-04 5.87564777e-04 5.89311239e-04 5.93449571e-04
 5.94766228e-04 5.95845748e-04 6.20182196e-04 6.24662265e-04
 6.27404370e-04 6.30208931e-04 6.34975964e-04 6.52590359e-04
 6.53964235e-04 6.55007898e-04 6.57697034e-04 6.64963096e-04
 6.66963810e-04 6.75314572e-04 6.76200609e-04 6.85483858e-04
 6.85655337e-04 7.03600934e-04 7.13969872e-04 7.23558769e-04
 7.25432939e-04 7.26894825e-04 7.29943335e-04 7.30658765e-04
 7.31544103e-04 7.37565628e-04 7.45742756e-04 7.51041749e-04
 7.52813066e-04 7.55615591e-04 7.56912574e-04 7.61041127e-04
 7.69177976e-04 7.79475435e-04 7.81692797e-04 7.86720251e-04
 7.87644647e-04 7.96534703e-04 7.96540582e-04 7.99746253e-04
 8.14603700e-04 8.22608999e-04 8.30245903e-04 8.53443227e-04
 8.59288324e-04 8.60222906e-04 8.63535854e-04 8.67385417e-04
 8.81711778e-04 8.82312073e-04 9.01843247e-04 9.02218278e-04
 9.11264389e-04 9.11292969e-04 9.19166952e-04 9.25764674e-04
 9.28781810e-04 9.28803289e-04 9.48557281e-04 9.53302952e-04
 9.56637552e-04 9.67336469e-04 9.69625544e-04 9.78901517e-04
 9.85553372e-04 9.91535257e-04 9.94231552e-04 1.00883411e-03
 1.02101511e-03 1.03521312e-03 1.03807962e-03 1.04145869e-03
 1.04619446e-03 1.04684208e-03 1.05976663e-03 1.06036046e-03
 1.06311787e-03 1.06604840e-03 1.07219745e-03 1.09367853e-03
 1.09875994e-03 1.10219489e-03 1.11440977e-03 1.12145743e-03
 1.12331833e-03 1.12394791e-03 1.12705759e-03 1.12992222e-03
 1.13652332e-03 1.13975827e-03 1.15040527e-03 1.16297789e-03
 1.17005804e-03 1.17102999e-03 1.17373513e-03 1.17390312e-03
 1.17599603e-03 1.17715728e-03 1.18233694e-03 1.21824339e-03
 1.22732378e-03 1.23701489e-03 1.24913466e-03 1.24970009e-03
 1.25130988e-03 1.27243774e-03 1.27674500e-03 1.29263883e-03
 1.30293891e-03 1.32876565e-03 1.36725174e-03 1.36922579e-03
 1.37067004e-03 1.37792947e-03 1.38060714e-03 1.40839338e-03
 1.40922703e-03 1.41581695e-03 1.44360098e-03 1.45741785e-03
 1.46473665e-03 1.47692976e-03 1.47993548e-03 1.48149196e-03
 1.48377672e-03 1.49581092e-03 1.50157581e-03 1.50467700e-03
 1.51598372e-03 1.52891071e-03 1.55806309e-03 1.57229032e-03
 1.58644782e-03 1.60006247e-03 1.60703657e-03 1.61264220e-03
 1.61778298e-03 1.62631902e-03 1.63062906e-03 1.64930045e-03
 1.66101835e-03 1.67405442e-03 1.70788798e-03 1.73286896e-03
 1.73956726e-03 1.74634007e-03 1.80382631e-03 1.80552748e-03
 1.80783111e-03 1.80975045e-03 1.81317132e-03 1.81958266e-03
 1.84023834e-03 1.84201647e-03 1.84696983e-03 1.84980757e-03
 1.85499724e-03 1.88915827e-03 1.92920456e-03 1.93395396e-03
 1.94431504e-03 1.94996712e-03 1.96467130e-03 1.98170706e-03
 1.99404475e-03 2.01578531e-03 2.05600634e-03 2.08711275e-03
 2.09462666e-03 2.12973496e-03 2.13934551e-03 2.15002173e-03
 2.21702061e-03 2.29603890e-03 2.33615842e-03 2.35214201e-03
 2.38843076e-03 2.40453449e-03 2.42473185e-03]",0.27204495668411255,-6.4011870484043945,375
7,2.323230266571045,0.0024449354968965054,0.1873382329940796,module.features.conv_11,"[1.16679821e-05 1.66350164e-05 1.69048344e-05 1.69231389e-05
 1.78047685e-05 1.97259851e-05 1.98145572e-05 2.15667969e-05
 2.19628109e-05 2.23679908e-05 2.32256625e-05 2.39613419e-05
 2.46909731e-05 2.67411397e-05 2.74077993e-05 2.94580714e-05
 3.06775255e-05 3.28884271e-05 3.58182187e-05 3.79221710e-05
 3.89644883e-05 3.89751331e-05 3.95869138e-05 4.01415236e-05
 4.05546380e-05 4.05947430e-05 4.09666864e-05 4.33141104e-05
 4.77296453e-05 4.82079922e-05 5.23548988e-05 5.28035307e-05
 5.41497247e-05 5.68909672e-05 5.79710140e-05 5.87774339e-05
 6.01094289e-05 6.07120382e-05 6.15047611e-05 6.21825166e-05
 6.22427542e-05 6.25611065e-05 7.14747875e-05 7.18146403e-05
 7.18372612e-05 8.10715064e-05 8.55931066e-05 8.62302040e-05
 8.64483809e-05 8.72253222e-05 9.10656090e-05 9.21678584e-05
 9.27366345e-05 9.32655530e-05 9.75762523e-05 9.84351209e-05
 1.01425641e-04 1.01471080e-04 1.02778824e-04 1.04651263e-04
 1.06131985e-04 1.08193824e-04 1.09623084e-04 1.11169400e-04
 1.14450770e-04 1.14520066e-04 1.18301599e-04 1.18567972e-04
 1.21774799e-04 1.29075692e-04 1.31642897e-04 1.33506124e-04
 1.33557856e-04 1.35912895e-04 1.46091872e-04 1.47186802e-04
 1.53720583e-04 1.59546631e-04 1.60121548e-04 1.60360752e-04
 1.62555603e-04 1.62896031e-04 1.63310862e-04 1.68043713e-04
 1.70015235e-04 1.72620916e-04 1.75000314e-04 1.75063105e-04
 1.75525900e-04 1.78075090e-04 1.79340088e-04 1.81395226e-04
 1.84723045e-04 1.84820659e-04 1.85869474e-04 1.85929282e-04
 1.86963152e-04 1.91301195e-04 1.91387255e-04 1.97189904e-04
 2.04581636e-04 2.04880271e-04 2.13862048e-04 2.15357810e-04
 2.15671986e-04 2.22600793e-04 2.25729382e-04 2.28270961e-04
 2.30733291e-04 2.34654872e-04 2.38917200e-04 2.49133445e-04
 2.54154322e-04 2.55085790e-04 2.57575361e-04 2.59605964e-04
 2.63182475e-04 2.67983996e-04 2.71256489e-04 2.72347068e-04
 2.78737891e-04 2.79896107e-04 2.84373120e-04 2.89053045e-04
 2.90412543e-04 2.99053994e-04 2.99395731e-04 3.01202323e-04
 3.03636101e-04 3.04192276e-04 3.13305354e-04 3.17098980e-04
 3.18373466e-04 3.18787585e-04 3.22030013e-04 3.24811437e-04
 3.25608329e-04 3.32866301e-04 3.34268989e-04 3.36707250e-04
 3.37015605e-04 3.40178318e-04 3.40741739e-04 3.43908876e-04
 3.44968052e-04 3.56671429e-04 3.59190686e-04 3.59727273e-04
 3.62544204e-04 3.64534877e-04 3.70928756e-04 3.75441217e-04
 3.83666076e-04 3.85927473e-04 3.94414179e-04 3.97216238e-04
 3.99187178e-04 4.00392804e-04 4.07236599e-04 4.15468297e-04
 4.17022267e-04 4.26714163e-04 4.28585248e-04 4.30411426e-04
 4.32818633e-04 4.32969682e-04 4.36812872e-04 4.39113268e-04
 4.42082208e-04 4.45283396e-04 4.48748004e-04 4.51262458e-04
 4.54080757e-04 4.58197086e-04 4.66562196e-04 4.66692320e-04
 4.71043051e-04 4.74842469e-04 4.77426773e-04 4.80244926e-04
 4.88914025e-04 4.89901053e-04 4.92088730e-04 4.94932814e-04
 4.97959030e-04 5.03113319e-04 5.18913846e-04 5.18991263e-04
 5.26982418e-04 5.28920500e-04 5.42808033e-04 5.44612994e-04
 5.65820781e-04 5.71101729e-04 5.76769642e-04 5.77180937e-04
 5.81332832e-04 5.82967419e-04 5.84226800e-04 5.86245151e-04
 5.86467329e-04 5.97360951e-04 5.97686274e-04 6.05313457e-04
 6.06939953e-04 6.10500516e-04 6.11277414e-04 6.15417783e-04
 6.26387075e-04 6.29249553e-04 6.38440833e-04 6.41300459e-04
 6.53326395e-04 6.61714352e-04 6.62052946e-04 6.66570093e-04
 6.73557050e-04 6.82684069e-04 6.89247274e-04 7.06618011e-04
 7.08786596e-04 7.09082466e-04 7.12198962e-04 7.16799928e-04
 7.27531966e-04 7.37312948e-04 7.39347364e-04 7.45109632e-04
 7.46293226e-04 7.55891961e-04 7.67513819e-04 7.70253071e-04
 7.77621288e-04 7.78604124e-04 7.79475784e-04 7.80180388e-04
 7.95760425e-04 7.96628708e-04 7.98535184e-04 8.03738309e-04
 8.06293509e-04 8.08958313e-04 8.18838482e-04 8.24121758e-04
 8.27918120e-04 8.55452730e-04 8.60442349e-04 8.63915542e-04
 8.74011952e-04 8.77179380e-04 8.80913285e-04 8.90741881e-04
 8.93992488e-04 9.09353548e-04 9.39050049e-04 9.39397549e-04
 9.40821192e-04 9.41729406e-04 9.46954067e-04 9.56126372e-04
 9.57642915e-04 9.59194906e-04 9.59473080e-04 9.61342535e-04
 9.77779157e-04 9.83268605e-04 9.92165529e-04 1.02827104e-03
 1.02952402e-03 1.03915005e-03 1.04688958e-03 1.05324679e-03
 1.05430861e-03 1.06006395e-03 1.06372137e-03 1.07884186e-03
 1.08720560e-03 1.09168503e-03 1.09668728e-03 1.10782566e-03
 1.11625728e-03 1.12431392e-03 1.13580807e-03 1.13726011e-03
 1.14852842e-03 1.16067252e-03 1.16612378e-03 1.17396365e-03
 1.18238223e-03 1.18587702e-03 1.19876815e-03 1.20332243e-03
 1.21193682e-03 1.23283558e-03 1.24328362e-03 1.24623184e-03
 1.24771497e-03 1.25072384e-03 1.26385083e-03 1.26939861e-03
 1.27076556e-03 1.28363795e-03 1.28573424e-03 1.28965836e-03
 1.29683258e-03 1.29892677e-03 1.31763809e-03 1.34150020e-03
 1.35028653e-03 1.35337410e-03 1.39121537e-03 1.39471551e-03
 1.39554171e-03 1.41846994e-03 1.42130221e-03 1.42189686e-03
 1.42853020e-03 1.42924546e-03 1.43490057e-03 1.44919613e-03
 1.46265409e-03 1.48993765e-03 1.51048182e-03 1.54941471e-03
 1.54998573e-03 1.56427908e-03 1.56503206e-03 1.56744430e-03
 1.58163218e-03 1.58669241e-03 1.58793340e-03 1.58879696e-03
 1.60311221e-03 1.63881283e-03 1.64093927e-03 1.66131463e-03
 1.66351977e-03 1.66363805e-03 1.67568994e-03 1.69462326e-03
 1.69496995e-03 1.71138137e-03 1.73274020e-03 1.73727924e-03
 1.75814971e-03 1.76315208e-03 1.76419644e-03 1.77142501e-03
 1.77355052e-03 1.78783049e-03 1.82424264e-03 1.83542969e-03
 1.85559038e-03 1.88477477e-03 1.90067326e-03 1.91015576e-03
 1.93260715e-03 1.95761654e-03 1.95946451e-03 1.96825317e-03
 1.98419439e-03 1.98721187e-03 1.99674978e-03 2.03117658e-03
 2.06661271e-03 2.10051052e-03 2.15484132e-03 2.21439404e-03
 2.30156444e-03 2.31943419e-03 2.32928456e-03 2.33641500e-03
 2.34938553e-03 2.37435987e-03 2.44493550e-03]",0.2662820518016815,-6.067656210782441,375
8,2.4116721153259277,0.0012525724014267325,0.17527925968170166,module.features.conv_12,"[3.20518120e-06 7.66160701e-06 1.08258464e-05 1.14788500e-05
 1.24540475e-05 1.31981460e-05 1.37346851e-05 1.38588011e-05
 1.39190288e-05 1.45066624e-05 1.60698746e-05 1.68518000e-05
 1.68951901e-05 1.69394953e-05 1.70187523e-05 1.70753428e-05
 1.71735646e-05 1.72628352e-05 1.77511010e-05 1.97094851e-05
 1.99931910e-05 2.07649628e-05 2.10394428e-05 2.14673219e-05
 2.17364759e-05 2.31081449e-05 2.47069784e-05 2.54628940e-05
 2.74060440e-05 2.81773937e-05 2.83134887e-05 2.83941590e-05
 2.94293986e-05 2.97477618e-05 3.06370603e-05 3.09236530e-05
 3.19279607e-05 3.23804779e-05 3.47876594e-05 3.58120487e-05
 3.63695508e-05 3.72882860e-05 3.73841212e-05 3.83650367e-05
 3.91225549e-05 4.04600141e-05 4.14837814e-05 4.35590591e-05
 4.58288814e-05 4.62177959e-05 4.67409736e-05 4.68608741e-05
 4.86297722e-05 4.99521047e-05 5.02509065e-05 5.03219671e-05
 5.14510393e-05 5.41009504e-05 5.41684713e-05 5.42005328e-05
 5.50083641e-05 5.61874986e-05 5.79451262e-05 5.80981177e-05
 6.18123449e-05 6.33290911e-05 6.52914896e-05 6.66955748e-05
 6.75069095e-05 6.83906037e-05 6.89917142e-05 7.11900939e-05
 7.12545079e-05 7.16790018e-05 7.18675292e-05 7.19158561e-05
 7.22279219e-05 7.43595738e-05 7.61994161e-05 7.68055033e-05
 7.79269249e-05 7.83098876e-05 7.91777857e-05 8.20330024e-05
 8.29394194e-05 8.31717771e-05 8.38978376e-05 8.43918824e-05
 8.47963747e-05 8.62191155e-05 8.83717294e-05 8.88956347e-05
 8.93377219e-05 9.27676301e-05 9.72213747e-05 9.97089664e-05
 1.01845748e-04 1.02093858e-04 1.02623191e-04 1.06212785e-04
 1.07838518e-04 1.12663307e-04 1.12905233e-04 1.15436538e-04
 1.15797862e-04 1.17734431e-04 1.18111217e-04 1.19535514e-04
 1.19890552e-04 1.20523298e-04 1.20539167e-04 1.26388913e-04
 1.28149899e-04 1.31323744e-04 1.31945126e-04 1.32104848e-04
 1.32573536e-04 1.34450413e-04 1.37616546e-04 1.38447926e-04
 1.40100237e-04 1.45392260e-04 1.47442974e-04 1.47526211e-04
 1.48762148e-04 1.51898901e-04 1.55793459e-04 1.56223163e-04
 1.56759183e-04 1.57418122e-04 1.57616829e-04 1.57786330e-04
 1.59999574e-04 1.64645375e-04 1.64780897e-04 1.65570280e-04
 1.65834746e-04 1.66041500e-04 1.67477454e-04 1.70359534e-04
 1.74830260e-04 1.80084739e-04 1.85344994e-04 1.88106511e-04
 1.90810213e-04 1.92458625e-04 1.92797714e-04 1.92925916e-04
 1.93375774e-04 1.96974288e-04 1.97261528e-04 2.00948445e-04
 2.01408533e-04 2.01654650e-04 2.04422264e-04 2.05001270e-04
 2.07349178e-04 2.18904854e-04 2.19839872e-04 2.20520451e-04
 2.21951166e-04 2.23237861e-04 2.23833762e-04 2.28213190e-04
 2.30194477e-04 2.30886493e-04 2.31606828e-04 2.32677470e-04
 2.35367785e-04 2.37409477e-04 2.38014589e-04 2.40243986e-04
 2.42855065e-04 2.44019800e-04 2.44828785e-04 2.48653057e-04
 2.55420106e-04 2.60643283e-04 2.66585615e-04 2.67040130e-04
 2.67738767e-04 2.68572127e-04 2.70400778e-04 2.72352772e-04
 2.74142105e-04 2.74264487e-04 2.74578604e-04 2.75746541e-04
 2.78600521e-04 2.79477594e-04 2.82393652e-04 2.86070310e-04
 2.87599047e-04 2.89303222e-04 2.89395859e-04 2.90973199e-04
 2.91453121e-04 2.92634737e-04 2.95006466e-04 2.95317965e-04
 3.09378578e-04 3.10361327e-04 3.12102260e-04 3.14678589e-04
 3.18142382e-04 3.19251150e-04 3.22401873e-04 3.23509448e-04
 3.24786204e-04 3.27929389e-04 3.28065333e-04 3.28623719e-04
 3.29719449e-04 3.32524593e-04 3.36544646e-04 3.39324179e-04
 3.42720479e-04 3.48672533e-04 3.51046532e-04 3.51436873e-04
 3.51600873e-04 3.53382988e-04 3.63999978e-04 3.71745176e-04
 3.73244635e-04 3.73379153e-04 3.79339821e-04 3.82033468e-04
 3.88268731e-04 3.89702909e-04 3.90638830e-04 3.97011201e-04
 4.00368648e-04 4.00628021e-04 4.01236844e-04 4.01737547e-04
 4.04890656e-04 4.08474356e-04 4.15126444e-04 4.20816330e-04
 4.22908488e-04 4.24351281e-04 4.29915322e-04 4.31146036e-04
 4.31840483e-04 4.36070899e-04 4.43735800e-04 4.44461824e-04
 4.46182123e-04 4.49238694e-04 4.52827866e-04 4.58817289e-04
 4.59017348e-04 4.60937736e-04 4.62939730e-04 4.63300181e-04
 4.66336671e-04 4.72817890e-04 4.73956025e-04 4.80191229e-04
 4.85175464e-04 4.90523409e-04 4.91119805e-04 4.94195090e-04
 4.98366018e-04 5.01699978e-04 5.07056538e-04 5.07819117e-04
 5.09780832e-04 5.11122809e-04 5.19699533e-04 5.20160422e-04
 5.20861708e-04 5.21974172e-04 5.25360811e-04 5.32137172e-04
 5.34349354e-04 5.52663056e-04 5.53148682e-04 5.55970706e-04
 5.68602176e-04 5.71503362e-04 5.73636440e-04 5.75672020e-04
 5.77871804e-04 5.78471983e-04 5.80309774e-04 5.81345812e-04
 5.87945571e-04 5.89679694e-04 6.01436885e-04 6.06579299e-04
 6.06811838e-04 6.13842334e-04 6.14083721e-04 6.14794786e-04
 6.15481345e-04 6.18397899e-04 6.19175669e-04 6.20543491e-04
 6.22285472e-04 6.22437394e-04 6.26175140e-04 6.35848439e-04
 6.40611106e-04 6.49165653e-04 6.52911142e-04 6.53180992e-04
 6.57135504e-04 6.61077735e-04 6.62852370e-04 6.73778995e-04
 6.79380493e-04 6.84552768e-04 6.85256673e-04 6.98714459e-04
 7.14550028e-04 7.16429029e-04 7.37255905e-04 7.37991242e-04
 7.38346484e-04 7.52481224e-04 7.53880013e-04 7.62286712e-04
 7.64247437e-04 7.64395634e-04 7.66697282e-04 7.84325530e-04
 7.91459985e-04 7.97487330e-04 7.97795306e-04 7.99353118e-04
 8.07151839e-04 8.08426761e-04 8.18424567e-04 8.45743576e-04
 8.47366930e-04 8.81358690e-04 8.84566340e-04 8.91274773e-04
 8.97960155e-04 9.04549786e-04 9.10658680e-04 9.13305616e-04
 9.20801191e-04 9.25592380e-04 9.25868168e-04 9.30937531e-04
 9.34090524e-04 9.34651704e-04 9.34757059e-04 9.43714578e-04
 9.47694061e-04 9.50755901e-04 9.52557544e-04 9.81627265e-04
 9.86306230e-04 9.89096356e-04 1.00806984e-03 1.02866988e-03
 1.03641814e-03 1.04348292e-03 1.05195353e-03 1.05951435e-03
 1.06797228e-03 1.07093458e-03 1.07477012e-03 1.09677122e-03
 1.09934853e-03 1.11489731e-03 1.13289093e-03 1.14233012e-03
 1.18113752e-03 1.20803888e-03 1.25257240e-03]",0.13553395867347717,-6.999147967720599,375
9,2.5015878677368164,0.0011962219141423702,0.17610496282577515,module.features.conv_13,"[4.32825618e-06 4.80557310e-06 5.26468375e-06 5.35607614e-06
 6.98390613e-06 7.21648439e-06 7.67602796e-06 8.78127412e-06
 8.82998756e-06 8.95581888e-06 9.16908266e-06 9.43661416e-06
 9.54923962e-06 1.03845650e-05 1.32113137e-05 1.49032403e-05
 1.57292325e-05 1.59742522e-05 1.66700574e-05 1.69012201e-05
 1.83291049e-05 1.95259308e-05 2.23288189e-05 2.24992255e-05
 2.26117263e-05 2.34727286e-05 2.43048889e-05 2.52795580e-05
 2.58036034e-05 2.65314702e-05 2.83016525e-05 2.87542043e-05
 2.90889184e-05 2.97996830e-05 3.00202009e-05 3.03834386e-05
 3.08463714e-05 3.09248717e-05 3.11849726e-05 3.13883429e-05
 3.14044119e-05 3.16211590e-05 3.30804432e-05 3.49460643e-05
 3.55117081e-05 3.79703815e-05 3.80054807e-05 3.87346336e-05
 3.89665074e-05 4.09075801e-05 4.19630487e-05 4.22888261e-05
 4.25001417e-05 4.26850856e-05 4.54268666e-05 4.65876947e-05
 4.74772314e-05 4.82803625e-05 4.89240192e-05 5.27214615e-05
 5.44873074e-05 5.46159681e-05 5.54464459e-05 5.57729036e-05
 5.75083177e-05 5.82344655e-05 5.85900816e-05 5.93379045e-05
 5.97780745e-05 5.99117193e-05 5.99398954e-05 6.03884582e-05
 6.39273858e-05 6.40055805e-05 6.41332736e-05 6.62421880e-05
 6.75143965e-05 6.88175714e-05 6.89224180e-05 6.97733776e-05
 7.28026789e-05 7.29729290e-05 7.36880465e-05 7.68885147e-05
 8.20655114e-05 8.27942276e-05 8.32280493e-05 8.45026079e-05
 8.68152274e-05 8.92729950e-05 9.17177240e-05 9.32836265e-05
 9.34095297e-05 9.45070133e-05 9.68712338e-05 9.71800546e-05
 9.75162766e-05 9.86936211e-05 9.89409382e-05 1.01551086e-04
 1.02758240e-04 1.03367776e-04 1.07363194e-04 1.08142143e-04
 1.08511784e-04 1.11145484e-04 1.12016889e-04 1.12148533e-04
 1.13434173e-04 1.16619733e-04 1.18824581e-04 1.19427910e-04
 1.20919882e-04 1.21758319e-04 1.23013830e-04 1.24014434e-04
 1.26895640e-04 1.29498570e-04 1.32713452e-04 1.34888338e-04
 1.35105234e-04 1.35139271e-04 1.36679068e-04 1.37838244e-04
 1.38291056e-04 1.38544026e-04 1.38888747e-04 1.40253222e-04
 1.42213859e-04 1.49223735e-04 1.51980843e-04 1.52745823e-04
 1.54562877e-04 1.55717091e-04 1.56525115e-04 1.61384960e-04
 1.61873249e-04 1.63216027e-04 1.63224759e-04 1.65613383e-04
 1.81228374e-04 1.82435833e-04 1.82530217e-04 1.83304859e-04
 1.90055289e-04 1.90545805e-04 1.97998641e-04 1.98126363e-04
 1.99685121e-04 2.00848590e-04 2.03140517e-04 2.06670593e-04
 2.08781421e-04 2.10442275e-04 2.10594866e-04 2.11203951e-04
 2.13545471e-04 2.14131447e-04 2.17015287e-04 2.17262641e-04
 2.17731038e-04 2.23309107e-04 2.26241042e-04 2.26519333e-04
 2.29206315e-04 2.29459532e-04 2.32154955e-04 2.32762206e-04
 2.34026913e-04 2.42485025e-04 2.43855640e-04 2.45763687e-04
 2.49268051e-04 2.49583944e-04 2.51299673e-04 2.55749444e-04
 2.58724845e-04 2.62497342e-04 2.66585441e-04 2.67342082e-04
 2.70955323e-04 2.71223777e-04 2.73982616e-04 2.77045328e-04
 2.78456107e-04 2.80260661e-04 2.80794367e-04 2.86454364e-04
 2.98370345e-04 2.98626575e-04 3.00007348e-04 3.00125510e-04
 3.00688931e-04 3.00890824e-04 3.01452179e-04 3.03881388e-04
 3.04235233e-04 3.13094584e-04 3.14978475e-04 3.19315848e-04
 3.19444953e-04 3.20044055e-04 3.22168547e-04 3.23097833e-04
 3.24713037e-04 3.26429086e-04 3.30485229e-04 3.30861687e-04
 3.31164716e-04 3.31197516e-04 3.33643693e-04 3.37407721e-04
 3.40658211e-04 3.41485458e-04 3.45143751e-04 3.49507842e-04
 3.53692012e-04 3.53724608e-04 3.54510441e-04 3.55805591e-04
 3.57870653e-04 3.59344966e-04 3.62787192e-04 3.65177431e-04
 3.65328509e-04 3.69385642e-04 3.69487592e-04 3.70898691e-04
 3.78939294e-04 3.80748155e-04 3.83833976e-04 3.84753483e-04
 3.86593369e-04 3.87919747e-04 3.96164134e-04 3.96282849e-04
 4.00399353e-04 4.01810801e-04 4.06099542e-04 4.07196989e-04
 4.13256610e-04 4.18842828e-04 4.19794000e-04 4.23598307e-04
 4.29336826e-04 4.38528456e-04 4.38895659e-04 4.39209602e-04
 4.39516647e-04 4.44707286e-04 4.44779260e-04 4.47635044e-04
 4.54771332e-04 4.68357030e-04 4.70447529e-04 4.70954517e-04
 4.73172346e-04 4.78597183e-04 4.78617731e-04 4.83648211e-04
 4.98208276e-04 4.99112648e-04 5.00251539e-04 5.07138320e-04
 5.08712255e-04 5.09108591e-04 5.09533274e-04 5.10752900e-04
 5.11797320e-04 5.23622788e-04 5.26076590e-04 5.26098709e-04
 5.35094528e-04 5.35597443e-04 5.35840634e-04 5.37125045e-04
 5.38480817e-04 5.42730559e-04 5.53541584e-04 5.54134022e-04
 5.55768376e-04 5.58444008e-04 5.61047636e-04 5.63674141e-04
 5.67075622e-04 5.67567127e-04 5.73494704e-04 5.74057514e-04
 5.74983191e-04 5.79570886e-04 5.91765624e-04 6.00864179e-04
 6.02141081e-04 6.03713270e-04 6.10243995e-04 6.11302501e-04
 6.14645774e-04 6.16789330e-04 6.17141253e-04 6.17739104e-04
 6.17799931e-04 6.17902202e-04 6.22554973e-04 6.36031094e-04
 6.37634890e-04 6.38010097e-04 6.38088211e-04 6.43147447e-04
 6.44274929e-04 6.48757035e-04 6.49406516e-04 6.59808633e-04
 6.72196271e-04 6.74871029e-04 6.77216449e-04 6.79653080e-04
 6.87027990e-04 6.88028114e-04 6.96007104e-04 7.00318837e-04
 7.03378406e-04 7.08105217e-04 7.11869623e-04 7.26202619e-04
 7.27519626e-04 7.42786098e-04 7.48819322e-04 7.54174544e-04
 7.54344801e-04 7.61158299e-04 7.64165365e-04 7.67304853e-04
 7.71623978e-04 7.90550956e-04 8.12452461e-04 8.19047389e-04
 8.52434023e-04 8.58920685e-04 8.59027670e-04 8.69198062e-04
 8.85179441e-04 8.89500603e-04 8.90136289e-04 8.93285673e-04
 8.96833604e-04 9.00131417e-04 9.03439824e-04 9.05700261e-04
 9.07286128e-04 9.16333986e-04 9.19586921e-04 9.43632738e-04
 9.44335072e-04 9.50186979e-04 9.70445515e-04 9.71896807e-04
 9.75606614e-04 9.89028718e-04 1.00413291e-03 1.00579578e-03
 1.00857904e-03 1.01466780e-03 1.03632861e-03 1.05631433e-03
 1.06604176e-03 1.07054692e-03 1.07745326e-03 1.08251185e-03
 1.11753598e-03 1.12248363e-03 1.12251984e-03 1.16887840e-03
 1.17091648e-03 1.18016079e-03 1.19622191e-03]",0.13395631313323975,-7.310110662960442,375
10,2.4423913955688477,0.0012393681099638343,0.16776379942893982,module.features.conv_15,"[3.88102990e-06 4.39299492e-06 4.72532156e-06 5.75477588e-06
 5.86025590e-06 5.89472438e-06 6.79505592e-06 9.64182254e-06
 1.02902468e-05 1.07358364e-05 1.12535645e-05 1.21697649e-05
 1.23510517e-05 1.25728047e-05 1.32738196e-05 1.53243254e-05
 1.70036528e-05 1.76630529e-05 1.81155283e-05 1.85290992e-05
 1.86301058e-05 1.86614252e-05 1.97152076e-05 2.02208139e-05
 2.24750493e-05 2.36855230e-05 2.43265695e-05 2.43596860e-05
 2.46663876e-05 2.51596630e-05 2.70941418e-05 2.77651616e-05
 2.78982279e-05 3.08522212e-05 3.12700504e-05 3.14626050e-05
 3.19816099e-05 3.19936589e-05 3.34058896e-05 3.34440119e-05
 3.36294615e-05 3.37651654e-05 3.44174332e-05 3.47972054e-05
 3.55048905e-05 3.87869623e-05 3.90504865e-05 3.93419723e-05
 4.01832986e-05 4.03093763e-05 4.04749844e-05 4.08228625e-05
 4.28423118e-05 4.45487713e-05 4.50688785e-05 4.55970767e-05
 4.61387463e-05 4.70588275e-05 4.82059550e-05 4.83097538e-05
 4.96306639e-05 5.11222279e-05 5.21328038e-05 5.58559368e-05
 5.59693945e-05 5.80800806e-05 5.85066482e-05 5.89321899e-05
 5.92145043e-05 5.96417194e-05 6.18755657e-05 6.22381995e-05
 6.35353863e-05 6.36549885e-05 6.41885417e-05 6.46184271e-05
 6.59210782e-05 6.60244114e-05 6.89454973e-05 7.12083056e-05
 7.25866048e-05 7.29207022e-05 7.30690517e-05 7.57983580e-05
 7.59639879e-05 7.70706392e-05 8.04438387e-05 8.13023435e-05
 8.27058466e-05 8.30731587e-05 8.42361915e-05 8.47285846e-05
 8.80091175e-05 8.81040833e-05 8.92885218e-05 8.96533165e-05
 9.11445823e-05 9.14651828e-05 9.18875739e-05 9.25044224e-05
 9.31746617e-05 9.63751809e-05 9.69878092e-05 1.02176287e-04
 1.02529208e-04 1.05557992e-04 1.08901979e-04 1.12772606e-04
 1.13685965e-04 1.14012160e-04 1.14942079e-04 1.16985364e-04
 1.23845093e-04 1.24031503e-04 1.25349950e-04 1.25620296e-04
 1.27841937e-04 1.28478117e-04 1.33862835e-04 1.33948430e-04
 1.34677815e-04 1.37121984e-04 1.38488947e-04 1.40157848e-04
 1.41957105e-04 1.42575751e-04 1.42665362e-04 1.45128957e-04
 1.48651714e-04 1.50111649e-04 1.52531880e-04 1.53408764e-04
 1.59201198e-04 1.59612799e-04 1.62354670e-04 1.64811892e-04
 1.64847996e-04 1.65345904e-04 1.74528468e-04 1.75434878e-04
 1.78504692e-04 1.79469367e-04 1.81903961e-04 1.87232508e-04
 1.87679514e-04 1.87937709e-04 1.88083897e-04 1.88841761e-04
 1.89369573e-04 1.92628300e-04 1.93397223e-04 1.93922519e-04
 1.96160763e-04 1.98783251e-04 1.99075148e-04 2.00248542e-04
 2.08900339e-04 2.09239821e-04 2.12429353e-04 2.16015236e-04
 2.17473746e-04 2.18982997e-04 2.24311021e-04 2.25170617e-04
 2.28861449e-04 2.29603276e-04 2.30688951e-04 2.31832630e-04
 2.33664658e-04 2.34331703e-04 2.36816137e-04 2.39471861e-04
 2.40733250e-04 2.41790840e-04 2.42891489e-04 2.44097115e-04
 2.46500393e-04 2.47468677e-04 2.48500350e-04 2.56797619e-04
 2.59331893e-04 2.61618989e-04 2.64212984e-04 2.67459662e-04
 2.69252603e-04 2.76281440e-04 2.78383697e-04 2.79617030e-04
 2.79829255e-04 2.81225395e-04 2.81677756e-04 2.83876987e-04
 2.85306218e-04 2.85508169e-04 2.93574703e-04 2.95996782e-04
 2.99201347e-04 3.02167260e-04 3.04974732e-04 3.11612472e-04
 3.12027434e-04 3.13146855e-04 3.15415062e-04 3.17017111e-04
 3.17203085e-04 3.23707733e-04 3.24255758e-04 3.26022680e-04
 3.27893911e-04 3.31468764e-04 3.32835189e-04 3.35491030e-04
 3.38854967e-04 3.38903512e-04 3.41342471e-04 3.43640306e-04
 3.44337808e-04 3.45718348e-04 3.58098099e-04 3.60702135e-04
 3.62872903e-04 3.65305139e-04 3.66120919e-04 3.71911534e-04
 3.71986913e-04 3.73013259e-04 3.74180323e-04 3.74643540e-04
 3.78608034e-04 3.80348007e-04 3.83325387e-04 3.84202809e-04
 3.87262262e-04 3.96745076e-04 4.00345452e-04 4.09432250e-04
 4.11257090e-04 4.12140711e-04 4.16735886e-04 4.17401432e-04
 4.19135846e-04 4.21355420e-04 4.23686259e-04 4.27944673e-04
 4.29434411e-04 4.29839332e-04 4.30858199e-04 4.32502158e-04
 4.35036782e-04 4.35915164e-04 4.42631688e-04 4.44845966e-04
 4.46950231e-04 4.52750799e-04 4.53612913e-04 4.59008879e-04
 4.61793126e-04 4.64329438e-04 4.71652544e-04 4.74301982e-04
 4.75357054e-04 4.78532980e-04 4.79465292e-04 4.84881602e-04
 4.85184893e-04 4.88959544e-04 4.92995139e-04 4.94614593e-04
 4.94654058e-04 4.97988949e-04 5.03308314e-04 5.04221302e-04
 5.11395221e-04 5.18344867e-04 5.21681039e-04 5.23639552e-04
 5.31238562e-04 5.33244514e-04 5.39423141e-04 5.39981062e-04
 5.49291261e-04 5.57269086e-04 5.60544606e-04 5.63577982e-04
 5.67316543e-04 5.73582482e-04 5.75824582e-04 5.76245191e-04
 5.77567727e-04 5.81168802e-04 5.84980997e-04 5.86059701e-04
 5.96104481e-04 6.09360577e-04 6.10589574e-04 6.19510713e-04
 6.21229119e-04 6.23176340e-04 6.30113063e-04 6.30234252e-04
 6.32700219e-04 6.34647673e-04 6.35103555e-04 6.48677640e-04
 6.51879003e-04 6.53946423e-04 6.56679389e-04 6.60398044e-04
 6.70808193e-04 6.87431020e-04 6.88954198e-04 6.95444294e-04
 6.98737451e-04 6.98894437e-04 7.07981177e-04 7.16428738e-04
 7.29733496e-04 7.38577801e-04 7.40979915e-04 7.44337973e-04
 7.49093946e-04 7.54981244e-04 7.58805312e-04 7.60156894e-04
 7.60663825e-04 7.61262549e-04 7.68009049e-04 7.80344591e-04
 7.89925281e-04 7.90712424e-04 8.00710462e-04 8.02557333e-04
 8.06362717e-04 8.15310574e-04 8.19360372e-04 8.31607205e-04
 8.35324521e-04 8.37365456e-04 8.45056435e-04 8.60841013e-04
 8.63224617e-04 8.64968752e-04 8.65621842e-04 8.69592826e-04
 9.01924272e-04 9.10200062e-04 9.12565272e-04 9.15906159e-04
 9.18038888e-04 9.25066473e-04 9.38941725e-04 9.50286048e-04
 9.61331883e-04 9.69719549e-04 9.77571821e-04 9.90062486e-04
 9.93223744e-04 1.04112446e-03 1.04256184e-03 1.04699761e-03
 1.05235237e-03 1.05427229e-03 1.06863363e-03 1.08972320e-03
 1.09621591e-03 1.11095223e-03 1.11459813e-03 1.12583383e-03
 1.14105956e-03 1.14148366e-03 1.14826963e-03 1.18700520e-03
 1.19210756e-03 1.20090612e-03 1.23936811e-03]",0.13464589416980743,-7.099542533969621,375
11,2.403561592102051,0.0013032748829573393,0.18124985694885254,module.features.conv_16,"[3.11700023e-06 3.70644125e-06 6.26434894e-06 8.07669221e-06
 9.49079640e-06 9.92804507e-06 1.18953340e-05 1.19824399e-05
 1.20528921e-05 1.21258026e-05 1.26898158e-05 1.52084122e-05
 1.52385137e-05 1.58230505e-05 1.59655792e-05 1.59716164e-05
 1.59889169e-05 1.61564603e-05 1.82848653e-05 1.85787630e-05
 1.87728365e-05 1.90484770e-05 1.94666809e-05 2.07546636e-05
 2.12846917e-05 2.26244792e-05 2.31189715e-05 2.34006038e-05
 2.38712928e-05 2.49084587e-05 2.51097681e-05 2.67836676e-05
 2.68296335e-05 2.74902559e-05 2.79256528e-05 2.87713265e-05
 2.99722451e-05 3.05283720e-05 3.19768405e-05 3.33294302e-05
 3.66128443e-05 3.73366966e-05 3.90211680e-05 3.90563473e-05
 3.95421157e-05 4.04618040e-05 4.11903893e-05 4.26325205e-05
 4.27091654e-05 4.38408533e-05 4.42352029e-05 4.46582562e-05
 4.52078857e-05 4.69926745e-05 4.80253038e-05 4.98107474e-05
 5.03849878e-05 5.06379147e-05 5.57932981e-05 5.60303561e-05
 5.61388879e-05 5.61817760e-05 5.79629741e-05 6.15818353e-05
 6.24060485e-05 6.27733316e-05 6.30838767e-05 6.31901421e-05
 6.51686423e-05 6.54593241e-05 6.59973230e-05 6.65382759e-05
 6.69080109e-05 6.86372150e-05 7.09509695e-05 7.16209179e-05
 7.36002767e-05 7.46536825e-05 7.49396859e-05 7.49919345e-05
 7.58212191e-05 7.87772369e-05 7.94201551e-05 8.00437265e-05
 8.19520210e-05 8.26726173e-05 8.38509077e-05 8.55982216e-05
 8.60415457e-05 8.81385786e-05 9.06038040e-05 9.39785459e-05
 9.65069412e-05 9.84835060e-05 1.01066638e-04 1.01170364e-04
 1.01457626e-04 1.04269471e-04 1.04339211e-04 1.05838866e-04
 1.06683481e-04 1.06863787e-04 1.07558597e-04 1.08601154e-04
 1.11952846e-04 1.12649352e-04 1.12800320e-04 1.14138726e-04
 1.14251605e-04 1.14965544e-04 1.16791169e-04 1.20193668e-04
 1.20868230e-04 1.23274222e-04 1.23906371e-04 1.25577426e-04
 1.26293147e-04 1.30690853e-04 1.32403409e-04 1.38016025e-04
 1.39020281e-04 1.40938922e-04 1.41031618e-04 1.45037426e-04
 1.45416503e-04 1.51308152e-04 1.52522989e-04 1.52937457e-04
 1.54037276e-04 1.55753791e-04 1.55984046e-04 1.56091905e-04
 1.56354028e-04 1.57665811e-04 1.58289855e-04 1.61662552e-04
 1.65426391e-04 1.65704027e-04 1.68311934e-04 1.69237130e-04
 1.71277919e-04 1.76063259e-04 1.78012633e-04 1.78662973e-04
 1.81663010e-04 1.83949349e-04 1.84362885e-04 1.84743301e-04
 1.90212406e-04 1.91232539e-04 1.91725194e-04 1.92053601e-04
 1.95372690e-04 2.02893323e-04 2.03869407e-04 2.06389712e-04
 2.11121995e-04 2.12956584e-04 2.16094966e-04 2.17063396e-04
 2.21235634e-04 2.21237991e-04 2.21868395e-04 2.24421732e-04
 2.28675111e-04 2.34895953e-04 2.36261243e-04 2.37443150e-04
 2.39057263e-04 2.40953144e-04 2.41381655e-04 2.41668487e-04
 2.43151720e-04 2.44147261e-04 2.46595446e-04 2.47593707e-04
 2.48518540e-04 2.49236240e-04 2.53359467e-04 2.56126223e-04
 2.57752719e-04 2.59898399e-04 2.61371635e-04 2.63786875e-04
 2.66140385e-04 2.72019301e-04 2.72160076e-04 2.73478072e-04
 2.75487342e-04 2.78422580e-04 2.83641857e-04 2.84405862e-04
 2.86260445e-04 2.90624390e-04 2.95776088e-04 2.97024089e-04
 2.97056831e-04 2.97758641e-04 3.00092011e-04 3.00800166e-04
 3.11710202e-04 3.13056167e-04 3.14600416e-04 3.17342812e-04
 3.17511411e-04 3.17934901e-04 3.24318622e-04 3.24553752e-04
 3.25042638e-04 3.33149248e-04 3.33934993e-04 3.37410718e-04
 3.43192078e-04 3.44579166e-04 3.44799453e-04 3.45477572e-04
 3.53810785e-04 3.55881988e-04 3.58011748e-04 3.58751597e-04
 3.59430996e-04 3.60342732e-04 3.61151964e-04 3.61994840e-04
 3.63008323e-04 3.64732841e-04 3.65664455e-04 3.72442009e-04
 3.72483628e-04 3.79919569e-04 3.81739723e-04 3.82542727e-04
 3.87214008e-04 3.98287579e-04 4.00597230e-04 4.06226784e-04
 4.09718283e-04 4.15299000e-04 4.15511895e-04 4.18856012e-04
 4.21747332e-04 4.23225458e-04 4.26317623e-04 4.29638225e-04
 4.33979760e-04 4.38783056e-04 4.38814342e-04 4.40139876e-04
 4.42535762e-04 4.43062367e-04 4.43870958e-04 4.56588343e-04
 4.58993396e-04 4.59374511e-04 4.63954551e-04 4.64383134e-04
 4.71219741e-04 4.80503833e-04 4.89989645e-04 4.92674240e-04
 4.93018888e-04 4.93103114e-04 4.94314590e-04 4.94451670e-04
 4.94829728e-04 4.99245711e-04 5.00899681e-04 5.02660812e-04
 5.03002724e-04 5.05927892e-04 5.07766439e-04 5.13782026e-04
 5.16020809e-04 5.23486407e-04 5.27915312e-04 5.28752571e-04
 5.37048036e-04 5.49131946e-04 5.49740216e-04 5.53202233e-04
 5.55461971e-04 5.64989401e-04 5.69038675e-04 5.70899982e-04
 5.73923870e-04 5.79349755e-04 5.85442584e-04 5.87440969e-04
 5.87543473e-04 5.88999188e-04 5.92790544e-04 5.98041341e-04
 5.98107057e-04 6.00794621e-04 6.03822467e-04 6.08115923e-04
 6.08547591e-04 6.21126499e-04 6.23113825e-04 6.25604938e-04
 6.37332036e-04 6.43198087e-04 6.45467255e-04 6.52566494e-04
 6.60371268e-04 6.63444225e-04 6.64783292e-04 6.66572363e-04
 6.66887499e-04 6.83734601e-04 6.87827938e-04 6.91564113e-04
 6.91992405e-04 6.93974784e-04 6.97324693e-04 7.03920436e-04
 7.07899220e-04 7.12762470e-04 7.17415649e-04 7.18266121e-04
 7.21668883e-04 7.25900347e-04 7.30101718e-04 7.34039349e-04
 7.52995140e-04 7.57915026e-04 7.59699440e-04 7.75358058e-04
 7.79186550e-04 7.82625342e-04 7.83946831e-04 7.91604514e-04
 7.92683393e-04 8.14075116e-04 8.17265129e-04 8.22844682e-04
 8.30399396e-04 8.34504608e-04 8.37609812e-04 8.44480935e-04
 8.50977318e-04 8.53677979e-04 8.59926513e-04 8.69936310e-04
 8.74780002e-04 8.83081695e-04 9.01834166e-04 9.08587070e-04
 9.10782022e-04 9.11184121e-04 9.15401848e-04 9.28184192e-04
 9.39652091e-04 9.43333958e-04 9.53087525e-04 9.57907352e-04
 9.96124814e-04 1.00077828e-03 1.00938650e-03 1.01363612e-03
 1.01646618e-03 1.02320232e-03 1.03512930e-03 1.03752292e-03
 1.04084751e-03 1.06129376e-03 1.06174860e-03 1.06727181e-03
 1.06832408e-03 1.09427166e-03 1.09639938e-03 1.10330165e-03
 1.24037021e-03 1.30084530e-03 1.30327488e-03]",0.13434645533561707,-6.9341886036915295,375
12,2.373567581176758,0.0013243586290627718,0.17857655882835388,module.features.conv_17,"[2.65544168e-06 3.54286840e-06 5.73967736e-06 6.84459201e-06
 8.46899638e-06 9.00164468e-06 9.62776448e-06 1.02798404e-05
 1.19420110e-05 1.30033513e-05 1.37358329e-05 1.41942737e-05
 1.42156496e-05 1.46633938e-05 1.49308507e-05 1.66410537e-05
 1.68187562e-05 1.77562997e-05 1.82761287e-05 1.82926469e-05
 1.83327847e-05 1.99163387e-05 2.02401261e-05 2.13101794e-05
 2.25934273e-05 2.29518064e-05 2.45553128e-05 2.47767675e-05
 2.56681578e-05 2.63289876e-05 2.72795187e-05 2.73268015e-05
 2.76560786e-05 2.78274565e-05 2.86836366e-05 2.89146592e-05
 2.89689069e-05 3.02251046e-05 3.16255719e-05 3.22098240e-05
 3.26514491e-05 3.30849798e-05 3.35779805e-05 3.45663029e-05
 3.61742423e-05 3.70791895e-05 3.77925353e-05 3.78785844e-05
 3.79416633e-05 3.79850571e-05 4.11383371e-05 4.16659423e-05
 4.30072505e-05 4.65262892e-05 4.81811985e-05 4.88204714e-05
 4.89401682e-05 5.04085801e-05 5.23833951e-05 5.25374562e-05
 5.25590658e-05 5.30942525e-05 5.60961198e-05 5.83895380e-05
 5.96394784e-05 6.06612448e-05 6.17873811e-05 6.23525048e-05
 6.33701129e-05 6.75129922e-05 6.90205561e-05 6.90917586e-05
 6.93545444e-05 7.03600090e-05 7.14193520e-05 7.23656922e-05
 7.38868039e-05 7.54830471e-05 7.71966661e-05 7.75065637e-05
 8.12583312e-05 8.25380266e-05 8.36526451e-05 8.38920678e-05
 8.40877983e-05 8.43309608e-05 8.68012867e-05 8.80396474e-05
 9.01448293e-05 9.04137632e-05 9.21307947e-05 9.31580071e-05
 9.35721255e-05 9.39622769e-05 9.45433057e-05 9.57770535e-05
 9.59118624e-05 9.68606400e-05 9.70363908e-05 1.00561701e-04
 1.01264530e-04 1.05585990e-04 1.06755644e-04 1.07568390e-04
 1.10991597e-04 1.12339323e-04 1.12952242e-04 1.14502385e-04
 1.14514289e-04 1.15995499e-04 1.16849893e-04 1.17271877e-04
 1.18416698e-04 1.19586817e-04 1.21419282e-04 1.21622681e-04
 1.21781050e-04 1.23049220e-04 1.24056867e-04 1.24479964e-04
 1.27728694e-04 1.30928907e-04 1.31262961e-04 1.31985144e-04
 1.32715097e-04 1.34707690e-04 1.36138406e-04 1.36865259e-04
 1.38288553e-04 1.39948315e-04 1.43352110e-04 1.48707230e-04
 1.49083193e-04 1.49628657e-04 1.55799877e-04 1.56818656e-04
 1.63455508e-04 1.65007383e-04 1.66959813e-04 1.69645937e-04
 1.73140288e-04 1.74368222e-04 1.75047477e-04 1.77200491e-04
 1.77885289e-04 1.77888796e-04 1.79218114e-04 1.80091243e-04
 1.82645483e-04 1.84773438e-04 1.88430175e-04 1.96498688e-04
 1.97371657e-04 1.98196649e-04 2.00936396e-04 2.03897667e-04
 2.03976670e-04 2.07098565e-04 2.07150035e-04 2.09864025e-04
 2.11810475e-04 2.12332787e-04 2.20158618e-04 2.23218376e-04
 2.25901997e-04 2.29946498e-04 2.31211190e-04 2.34175968e-04
 2.35542393e-04 2.38936918e-04 2.40208974e-04 2.41131245e-04
 2.43436589e-04 2.45713076e-04 2.50789657e-04 2.50900222e-04
 2.51619203e-04 2.51977384e-04 2.52300466e-04 2.63764057e-04
 2.65535869e-04 2.66218616e-04 2.67418422e-04 2.68540753e-04
 2.74015678e-04 2.74353079e-04 2.75934319e-04 2.79252185e-04
 2.79760512e-04 2.81175802e-04 2.84491252e-04 2.85283255e-04
 2.85740622e-04 2.89001677e-04 2.90464232e-04 2.98868341e-04
 3.01499269e-04 3.03998357e-04 3.20356514e-04 3.21805972e-04
 3.27717600e-04 3.29156086e-04 3.30355135e-04 3.30393203e-04
 3.31654272e-04 3.33676086e-04 3.34924873e-04 3.39925726e-04
 3.39966384e-04 3.41651583e-04 3.42449697e-04 3.45539680e-04
 3.46069777e-04 3.49491631e-04 3.56001401e-04 3.56453646e-04
 3.59043159e-04 3.59176716e-04 3.60163045e-04 3.63998493e-04
 3.64426698e-04 3.64517153e-04 3.65671003e-04 3.67617933e-04
 3.69757472e-04 3.77719494e-04 3.78624623e-04 3.81781138e-04
 3.84884654e-04 3.87818727e-04 3.88224376e-04 3.92682210e-04
 3.96335119e-04 3.96626041e-04 4.05068771e-04 4.07690211e-04
 4.08930442e-04 4.10995446e-04 4.13582224e-04 4.15070652e-04
 4.18390846e-04 4.23373625e-04 4.25434002e-04 4.30858257e-04
 4.32174682e-04 4.36056958e-04 4.39906842e-04 4.47096885e-04
 4.56359994e-04 4.63582779e-04 4.70853149e-04 4.71253938e-04
 4.73896915e-04 4.75813053e-04 4.77723603e-04 4.80210962e-04
 4.80211136e-04 4.82945790e-04 4.89421422e-04 4.98156413e-04
 5.00345486e-04 5.01306553e-04 5.19460009e-04 5.27742319e-04
 5.28493430e-04 5.29039244e-04 5.37649787e-04 5.40731591e-04
 5.42356924e-04 5.43308328e-04 5.47048927e-04 5.48910466e-04
 5.50086086e-04 5.50329511e-04 5.55577863e-04 5.66967530e-04
 5.67399315e-04 5.68124058e-04 5.70654403e-04 5.72130317e-04
 5.76577731e-04 5.88659837e-04 5.95866935e-04 6.01051608e-04
 6.04494475e-04 6.04685512e-04 6.07455266e-04 6.07527560e-04
 6.19537430e-04 6.25183340e-04 6.33669784e-04 6.34109660e-04
 6.36247627e-04 6.40254584e-04 6.41146326e-04 6.42926083e-04
 6.43754494e-04 6.46180706e-04 6.59416080e-04 6.60279184e-04
 6.64237654e-04 6.72307564e-04 6.72421418e-04 6.74130803e-04
 6.79701159e-04 7.02284335e-04 7.03134865e-04 7.03926547e-04
 7.07005966e-04 7.17785268e-04 7.24973157e-04 7.32076413e-04
 7.33202614e-04 7.34651752e-04 7.38375820e-04 7.38411909e-04
 7.44073885e-04 7.44862831e-04 7.52004154e-04 7.56921479e-04
 7.57101574e-04 7.63084448e-04 7.65355537e-04 7.72934698e-04
 7.74872606e-04 7.79337541e-04 7.83676805e-04 7.95781787e-04
 7.96626380e-04 8.12138431e-04 8.15535488e-04 8.37516913e-04
 8.41258385e-04 8.44108756e-04 8.44382332e-04 8.48449941e-04
 8.51746649e-04 8.53016158e-04 8.54033104e-04 8.55127873e-04
 8.56101396e-04 8.61072622e-04 8.88776151e-04 9.25518165e-04
 9.25958040e-04 9.29555448e-04 9.43446124e-04 9.47653374e-04
 9.52923088e-04 9.56216943e-04 9.63315659e-04 9.71673115e-04
 9.72029346e-04 9.76171868e-04 9.82246012e-04 9.87761654e-04
 9.89082037e-04 9.92374378e-04 9.94498492e-04 1.00241613e-03
 1.04004028e-03 1.05170370e-03 1.06224883e-03 1.06512883e-03
 1.10265659e-03 1.13170384e-03 1.13906362e-03 1.18007942e-03
 1.20466913e-03 1.23019819e-03 1.28958130e-03 1.30947505e-03
 1.31115958e-03 1.31428125e-03 1.32435863e-03]",0.13868863880634308,-6.8311141933638515,375
13,2.375309944152832,0.04597140848636627,0.18195025622844696,module.linear,"[0.0001975  0.00023713 0.00028048 0.00031221 0.00034534 0.00035419
 0.00042635 0.0004284  0.00043571 0.00046487 0.00048398 0.0005293
 0.00057762 0.00058578 0.00060228 0.00062728 0.00063584 0.00067509
 0.00068265 0.00070433 0.00073346 0.00075423 0.00081575 0.00085314
 0.00086704 0.00092695 0.00092916 0.00093507 0.00100672 0.00108066
 0.00110194 0.00112265 0.00114653 0.00122483 0.00124578 0.0012712
 0.00127963 0.00129359 0.00131259 0.00131757 0.00132565 0.00132909
 0.00137749 0.00146754 0.00148796 0.00157122 0.00163751 0.00169647
 0.00172954 0.00173662 0.00175707 0.00176115 0.00177303 0.00180344
 0.00183983 0.00192532 0.0019364  0.00198049 0.00205742 0.00207336
 0.00211585 0.00213566 0.00224914 0.00226008 0.00230192 0.00230275
 0.00232469 0.00235084 0.00239596 0.00245233 0.00251165 0.0025754
 0.00263653 0.00269745 0.00272155 0.00274309 0.00276901 0.002776
 0.00282412 0.00283784 0.0028452  0.0028506  0.00294247 0.00303445
 0.00309052 0.00312125 0.00312183 0.00321706 0.00322243 0.00331329
 0.00331605 0.00333242 0.00345477 0.00351574 0.00363159 0.00366196
 0.00387107 0.0038903  0.00392    0.00398959 0.00400807 0.00409075
 0.00409451 0.00412346 0.0041432  0.00418202 0.00418841 0.00423221
 0.00437216 0.00441696 0.00447366 0.00448118 0.00451899 0.00458598
 0.00464311 0.00469041 0.00473339 0.00474347 0.00479372 0.00480288
 0.00485212 0.00486608 0.00486949 0.00487809 0.00494715 0.00506698
 0.00510518 0.00526882 0.00541443 0.00548156 0.00552004 0.00555195
 0.00556386 0.00563904 0.00570075 0.00577917 0.0057957  0.00579869
 0.005892   0.00591434 0.00596627 0.00617861 0.00619297 0.00631065
 0.00632676 0.006501   0.00650175 0.00655672 0.00661878 0.00670511
 0.00677393 0.00681707 0.00691911 0.00702744 0.00703685 0.00707847
 0.00712486 0.00717346 0.0072241  0.007254   0.00731119 0.00734382
 0.00736207 0.00739387 0.0073951  0.00740228 0.00751344 0.00756734
 0.00758605 0.00760555 0.00787433 0.00789307 0.00793657 0.00804633
 0.00806852 0.00823284 0.0085526  0.0085806  0.00880498 0.00884122
 0.00904487 0.00906879 0.00909864 0.00927469 0.00940989 0.00949692
 0.00959974 0.00983627 0.00991021 0.00997646 0.00998947 0.0100572
 0.01017543 0.01044301 0.01049212 0.01057515 0.01078271 0.01083413
 0.01091673 0.01104257 0.01109672 0.01125216 0.01131164 0.01133011
 0.01151293 0.011628   0.01170317 0.01177767 0.01189587 0.01196164
 0.01220966 0.01271652 0.01277543 0.01278126 0.01291107 0.01294286
 0.01299721 0.01302267 0.01325819 0.01348701 0.01350112 0.01362017
 0.013633   0.01376644 0.01388274 0.01393078 0.01403205 0.01412936
 0.01416057 0.0142278  0.01425653 0.01450952 0.01451513 0.01459684
 0.01466281 0.01484772 0.01497058 0.01508445 0.01509063 0.01509313
 0.01511137 0.01521455 0.01533003 0.01549819 0.01555593 0.01556062
 0.01566703 0.01580399 0.01601873 0.01641207 0.01652034 0.01660456
 0.01666325 0.01677454 0.0167823  0.01685065 0.01695698 0.01731183
 0.01747527 0.01761273 0.01784984 0.01795587 0.01812433 0.01816983
 0.01830282 0.01830796 0.0184081  0.01841649 0.01862272 0.01915872
 0.01928222 0.01939247 0.01961262 0.01962954 0.01977282 0.01991011
 0.02004133 0.02007829 0.02022441 0.02027773 0.02031268 0.02038869
 0.0203937  0.02116505 0.02118107 0.02118441 0.02136858 0.02140052
 0.02152856 0.02172367 0.02174514 0.02177086 0.02177916 0.02196728
 0.02197493 0.0223442  0.0224503  0.02284479 0.02318634 0.02336623
 0.02342835 0.02352166 0.02381352 0.02401434 0.02417217 0.02421759
 0.02456069 0.02459963 0.02465612 0.02480594 0.02512575 0.02559526
 0.02560103 0.02561451 0.02567848 0.02574806 0.02577557 0.02585019
 0.02585028 0.02613732 0.02639846 0.02659069 0.02699488 0.02743511
 0.02764309 0.02780919 0.02811733 0.02816037 0.02827248 0.02834054
 0.028397   0.02839736 0.02944835 0.02953708 0.02978764 0.02981187
 0.03004879 0.0303381  0.03053944 0.03060178 0.03063455 0.03159072
 0.03159073 0.03159424 0.03162931 0.03165475 0.03176761 0.03189916
 0.03207136 0.03342936 0.03345867 0.0335441  0.03357613 0.03409537
 0.03443849 0.03446897 0.03463337 0.03523375 0.03570045 0.035918
 0.0359528  0.03595434 0.03641613 0.03650615 0.03672385 0.03794066
 0.03795896 0.03872141 0.03918619 0.03924311 0.03974088 0.04379278
 0.04501879 0.0453539  0.04597141]",4.871513366699219,-3.177006005322936,375
