,alpha,spectral_norm,D,longname,eigs,norm,alphahat,eigs_num
0,1.2795002460479736,1.698277473449707,0.2364373803138733,module.conv1,"[6.1780610e-15 1.6999887e-14 1.2589330e-13 3.7264646e-11 3.8410253e-10
 3.2420194e-05 3.8475533e-05 1.2637864e-04 3.5133207e-04 4.0027458e-04
 1.0680377e-03 1.3917723e-03 2.5174709e-03 5.0110542e-03 1.7784463e-02
 2.2681259e-02 3.2154266e-02 5.1570561e-02 1.2558699e-01 1.5307347e-01
 4.6808371e-01 6.5454352e-01 8.6387181e-01 9.9136198e-01 1.0531871e+00
 1.1802552e+00 1.6982775e+00]",7.323369026184082,0.29429612299833297,27
1,1.4606332778930664,0.374379426240921,0.14305737614631653,module.layer1.0.conv1,"[1.75219856e-11 2.33781640e-11 2.33919707e-11 2.48701320e-11
 3.00859199e-11 3.21896364e-11 4.17985993e-11 5.01817685e-11
 5.41417362e-11 7.25842927e-11 4.17045021e-06 4.25768076e-06
 5.97006692e-06 6.35008473e-06 6.55549184e-06 8.03359853e-06
 8.51555797e-06 8.97185237e-06 9.11935331e-06 9.50021331e-06
 1.07523238e-05 1.09756502e-05 1.49514244e-05 1.55070211e-05
 1.70467792e-05 1.90511837e-05 2.01142921e-05 2.12470441e-05
 2.15912132e-05 2.20832553e-05 2.34334530e-05 2.36234991e-05
 2.50656249e-05 2.56263411e-05 2.62865851e-05 2.68478525e-05
 2.69766351e-05 2.82797773e-05 2.88356441e-05 2.99403146e-05
 3.43634565e-05 3.43972642e-05 3.52865209e-05 4.05484316e-05
 4.29173306e-05 4.35954717e-05 4.38805910e-05 5.08393423e-05
 5.12853621e-05 5.49990182e-05 5.68410833e-05 5.76019847e-05
 6.10109018e-05 6.11342402e-05 6.67795684e-05 6.86269996e-05
 7.13748595e-05 7.17019357e-05 8.25302632e-05 8.28995762e-05
 8.56501356e-05 8.99407896e-05 9.10819654e-05 9.36078723e-05
 9.47305452e-05 9.55406576e-05 1.02837468e-04 1.03184575e-04
 1.04102961e-04 1.11562469e-04 1.22884594e-04 1.26560772e-04
 1.26713116e-04 1.32281100e-04 1.35020702e-04 1.35350274e-04
 1.42747173e-04 1.48926047e-04 1.56562150e-04 1.67694714e-04
 1.70790809e-04 1.81844312e-04 1.86561752e-04 1.96257402e-04
 2.09697275e-04 2.16938526e-04 2.22255621e-04 2.22531511e-04
 2.23460360e-04 2.35438434e-04 2.41407120e-04 2.43835369e-04
 2.52679980e-04 2.66987714e-04 2.70587276e-04 2.82052875e-04
 2.84876121e-04 3.04896530e-04 3.15691344e-04 3.20946390e-04
 3.27363290e-04 3.51214199e-04 3.51489201e-04 3.75751813e-04
 3.87688895e-04 4.18769778e-04 4.19870252e-04 4.41596610e-04
 4.49019048e-04 4.50060936e-04 4.61926102e-04 4.86406672e-04
 5.10241953e-04 5.19138586e-04 5.25499694e-04 5.32558654e-04
 5.38988155e-04 5.40821347e-04 5.42583817e-04 5.73891564e-04
 6.00522442e-04 6.13785873e-04 6.17467507e-04 6.43911480e-04
 6.52073242e-04 6.52167713e-04 6.73357339e-04 6.78659824e-04
 7.29635940e-04 7.34276371e-04 7.35020440e-04 7.45213358e-04
 7.68975471e-04 7.71664549e-04 7.97394780e-04 8.35809216e-04
 8.42070556e-04 8.73603101e-04 8.78132589e-04 9.30012087e-04
 9.75612784e-04 1.00812071e-03 1.02972134e-03 1.03702501e-03
 1.03965634e-03 1.04914722e-03 1.06977718e-03 1.07433903e-03
 1.15827681e-03 1.20172603e-03 1.22822111e-03 1.23193115e-03
 1.24325149e-03 1.24363322e-03 1.25152839e-03 1.26190588e-03
 1.30321831e-03 1.33268756e-03 1.33427698e-03 1.35609251e-03
 1.50685525e-03 1.54426554e-03 1.63964112e-03 1.66161743e-03
 1.67600357e-03 1.69859291e-03 1.73611462e-03 1.74778537e-03
 1.77319557e-03 1.78214058e-03 1.80459849e-03 1.82155275e-03
 1.86755322e-03 1.91185309e-03 1.92605634e-03 1.95884518e-03
 1.96115463e-03 2.00984068e-03 2.02060840e-03 2.09741527e-03
 2.12798128e-03 2.13626982e-03 2.21846416e-03 2.41099880e-03
 2.49942765e-03 2.64905556e-03 2.66082701e-03 2.73569557e-03
 2.79194769e-03 2.89341621e-03 2.89918808e-03 2.91591766e-03
 2.94129178e-03 2.95428606e-03 3.13878595e-03 3.29643604e-03
 3.30507639e-03 3.32375453e-03 3.45639139e-03 3.49048781e-03
 3.57868825e-03 3.69291846e-03 3.71971889e-03 3.72607936e-03
 3.84617457e-03 3.91372852e-03 4.06755507e-03 4.24406538e-03
 4.27333033e-03 4.30259574e-03 4.37986897e-03 4.39498620e-03
 4.47080331e-03 4.60372074e-03 4.64034779e-03 4.79626143e-03
 4.93861130e-03 4.94739786e-03 5.23778051e-03 5.47027867e-03
 5.50992461e-03 5.58084669e-03 5.59393875e-03 5.61272353e-03
 5.61603671e-03 5.84294042e-03 6.03200076e-03 6.35397481e-03
 6.40265597e-03 6.57330267e-03 6.76801289e-03 6.88135810e-03
 6.90768147e-03 6.91619609e-03 6.94646174e-03 7.09017972e-03
 7.16483314e-03 7.22243544e-03 7.31164310e-03 8.26028083e-03
 8.26466549e-03 8.40615109e-03 8.42302851e-03 8.59298836e-03
 8.83492362e-03 8.84197000e-03 8.90689623e-03 1.00151682e-02
 1.05101950e-02 1.05822375e-02 1.07819950e-02 1.10069215e-02
 1.11695370e-02 1.12701515e-02 1.13298288e-02 1.15031246e-02
 1.17222602e-02 1.18704410e-02 1.19825164e-02 1.28159458e-02
 1.29507771e-02 1.31628895e-02 1.32275624e-02 1.40298046e-02
 1.51138892e-02 1.52147049e-02 1.53439855e-02 1.54616302e-02
 1.58714242e-02 1.59854386e-02 1.61281712e-02 1.62690505e-02
 1.71672106e-02 1.73611455e-02 1.73963550e-02 1.76336635e-02
 1.90819129e-02 2.07844730e-02 2.08931714e-02 2.09830254e-02
 2.13294718e-02 2.17315238e-02 2.22793575e-02 2.25707106e-02
 2.26087533e-02 2.34041195e-02 2.41303500e-02 2.47258954e-02
 2.51912158e-02 2.53897887e-02 2.54109353e-02 2.70579886e-02
 2.74621155e-02 2.77327672e-02 2.78379042e-02 2.91352142e-02
 2.92041469e-02 3.03714313e-02 3.15578282e-02 3.24647576e-02
 3.25461291e-02 3.26646157e-02 3.28392945e-02 3.70076150e-02
 3.84138376e-02 3.89852896e-02 3.92355099e-02 4.01284397e-02
 4.21709828e-02 4.43369299e-02 4.45869192e-02 4.47783507e-02
 4.56000268e-02 4.78224121e-02 4.83919755e-02 5.21303639e-02
 5.53576834e-02 5.55344783e-02 5.60173653e-02 5.64446263e-02
 5.73852435e-02 5.81318550e-02 5.87052628e-02 5.94033711e-02
 6.38207421e-02 6.65576607e-02 6.92264065e-02 7.08287805e-02
 7.15226829e-02 8.51115808e-02 8.60559568e-02 8.85078907e-02
 8.99163410e-02 9.67198983e-02 9.75983664e-02 1.03888653e-01
 1.11223936e-01 1.15274422e-01 1.15739673e-01 1.22117378e-01
 1.36612952e-01 1.42131850e-01 1.47018611e-01 1.52022749e-01
 1.68814957e-01 1.69487327e-01 1.77778631e-01 1.87232599e-01
 1.87678874e-01 2.10498333e-01 2.17632800e-01 2.45975137e-01
 2.62154222e-01 2.78301686e-01 3.16614300e-01 3.25985104e-01
 3.33429009e-01 3.39276642e-01 3.73852015e-01 3.74379426e-01]",8.74516487121582,-0.6232347295095246,360
2,1.66471529006958,0.3350251317024231,0.1497139036655426,module.layer1.0.conv2,"[3.94446100e-14 6.22797441e-14 6.37427868e-14 6.51793479e-14
 6.53960664e-14 7.50273053e-14 1.05486346e-13 1.78353155e-13
 1.93724960e-13 2.92274993e-13 5.96177756e-08 9.59889377e-08
 9.92696059e-08 1.00485899e-07 1.17243253e-07 1.18492231e-07
 1.53477060e-07 1.87465972e-07 1.89052685e-07 3.07604950e-07
 9.82540587e-05 9.88465981e-05 1.01830221e-04 1.08743050e-04
 1.19738754e-04 1.22728772e-04 1.35030612e-04 1.39482596e-04
 1.58354480e-04 1.59920863e-04 1.69316147e-04 1.90878840e-04
 1.97593443e-04 2.40880574e-04 2.55476247e-04 2.61245557e-04
 2.65154842e-04 2.70933844e-04 2.76112492e-04 3.12640506e-04
 3.15260259e-04 3.22115782e-04 3.34422104e-04 3.59956728e-04
 3.73729417e-04 3.73954885e-04 3.94981471e-04 4.21860634e-04
 4.30791231e-04 4.31141496e-04 4.68035578e-04 4.74093336e-04
 5.06129290e-04 5.13196923e-04 5.32257720e-04 5.33656566e-04
 5.44897572e-04 5.45340416e-04 5.62623027e-04 6.23728673e-04
 6.26640220e-04 6.67873246e-04 6.69106725e-04 6.73437782e-04
 7.31327396e-04 7.55030895e-04 7.68929720e-04 7.77147128e-04
 7.91756727e-04 8.22435250e-04 8.24860064e-04 8.46889161e-04
 8.50729237e-04 8.51823424e-04 8.92331416e-04 8.92592710e-04
 8.92761222e-04 8.97079066e-04 9.27787099e-04 9.83124133e-04
 1.03198527e-03 1.03567610e-03 1.04890042e-03 1.10381120e-03
 1.10870495e-03 1.14284188e-03 1.20778719e-03 1.26164965e-03
 1.28548848e-03 1.31097366e-03 1.34359894e-03 1.36707677e-03
 1.39724987e-03 1.40903564e-03 1.46037061e-03 1.46910548e-03
 1.46938686e-03 1.49095850e-03 1.50903582e-03 1.54353085e-03
 1.57444749e-03 1.65776932e-03 1.68785034e-03 1.70537666e-03
 1.72216108e-03 1.77893229e-03 1.83226459e-03 1.83643471e-03
 1.85652857e-03 1.91469130e-03 1.91491202e-03 1.95472082e-03
 1.98471453e-03 2.00072536e-03 2.10453686e-03 2.11637560e-03
 2.13132123e-03 2.18266156e-03 2.19362136e-03 2.19641696e-03
 2.26697139e-03 2.29490851e-03 2.32902146e-03 2.33539939e-03
 2.35507172e-03 2.36835680e-03 2.43684137e-03 2.43853498e-03
 2.47611525e-03 2.53930176e-03 2.69083609e-03 2.69099395e-03
 2.71716015e-03 2.72148126e-03 2.82334653e-03 2.86962581e-03
 2.88887508e-03 2.95220129e-03 2.99257925e-03 3.07310582e-03
 3.11627868e-03 3.15967435e-03 3.17969616e-03 3.21993581e-03
 3.40212905e-03 3.42744775e-03 3.47419595e-03 3.52878356e-03
 3.57098388e-03 3.58852115e-03 3.69959790e-03 3.70665407e-03
 3.72245815e-03 3.76971439e-03 3.78797506e-03 3.93782975e-03
 3.94654460e-03 3.94668337e-03 3.95722175e-03 3.96370701e-03
 3.99786513e-03 4.02344391e-03 4.25376883e-03 4.27985284e-03
 4.31176182e-03 4.36142040e-03 4.46149008e-03 4.52255923e-03
 4.54446347e-03 4.78198333e-03 4.93905833e-03 5.03482483e-03
 5.15449978e-03 5.36065316e-03 5.36957383e-03 5.41904662e-03
 5.54037979e-03 5.73452562e-03 5.79657266e-03 5.83159318e-03
 5.84156765e-03 5.91422943e-03 5.92937414e-03 6.04537129e-03
 6.08144002e-03 6.19572680e-03 6.24971837e-03 6.37084479e-03
 6.43093605e-03 6.50087697e-03 6.55279029e-03 6.77433005e-03
 6.85759354e-03 6.89955102e-03 6.91647734e-03 7.09404005e-03
 7.19201891e-03 7.37265218e-03 7.53723597e-03 7.59137655e-03
 7.73755508e-03 7.85864703e-03 7.90368579e-03 7.92331621e-03
 7.94150587e-03 8.35683476e-03 8.40667542e-03 8.58539715e-03
 8.72335117e-03 8.76925979e-03 8.78875144e-03 9.02418140e-03
 9.45378467e-03 9.63435229e-03 9.95071046e-03 1.00316750e-02
 1.00341635e-02 1.01300143e-02 1.02008441e-02 1.03603890e-02
 1.07231382e-02 1.12561211e-02 1.12857390e-02 1.15667535e-02
 1.17134750e-02 1.18363863e-02 1.22288223e-02 1.26861297e-02
 1.28784161e-02 1.29352231e-02 1.29799638e-02 1.35532105e-02
 1.39228506e-02 1.39766643e-02 1.42089594e-02 1.44104064e-02
 1.44244283e-02 1.45738851e-02 1.45750288e-02 1.48470625e-02
 1.50213540e-02 1.52956210e-02 1.53999357e-02 1.55274775e-02
 1.59935486e-02 1.60048157e-02 1.60051566e-02 1.71602424e-02
 1.73143540e-02 1.73916500e-02 1.78648978e-02 1.79101769e-02
 1.79558769e-02 1.80191547e-02 1.83982886e-02 1.97015572e-02
 1.99068394e-02 2.02307180e-02 2.07478404e-02 2.08095815e-02
 2.08391435e-02 2.12475583e-02 2.13821232e-02 2.17171200e-02
 2.18433719e-02 2.20144168e-02 2.22497806e-02 2.28727553e-02
 2.34995652e-02 2.43748967e-02 2.45765131e-02 2.47603972e-02
 2.49183476e-02 2.52594985e-02 2.58038305e-02 2.61354595e-02
 2.61896029e-02 2.67878156e-02 2.68535838e-02 2.86329873e-02
 2.95128953e-02 2.97807865e-02 3.00977994e-02 3.04589570e-02
 3.09230350e-02 3.09986938e-02 3.10301166e-02 3.14399488e-02
 3.32880393e-02 3.34060751e-02 3.38496603e-02 3.43842916e-02
 3.44287492e-02 3.47962417e-02 3.57910134e-02 3.65261808e-02
 3.76252718e-02 3.76409851e-02 3.80826518e-02 3.92102785e-02
 3.99682261e-02 4.06906158e-02 4.06992845e-02 4.17513549e-02
 4.22261022e-02 4.23437208e-02 4.40023392e-02 4.42224778e-02
 4.42524776e-02 4.47945930e-02 4.77465615e-02 4.80475500e-02
 4.96781617e-02 5.07739224e-02 5.08478135e-02 5.10822497e-02
 5.33837229e-02 5.48480563e-02 5.70655242e-02 5.78386821e-02
 5.86429983e-02 5.87743782e-02 6.11779727e-02 6.59090355e-02
 6.69276267e-02 7.28210583e-02 7.34603181e-02 7.43822157e-02
 7.44434819e-02 7.73078576e-02 7.97297210e-02 8.08132738e-02
 8.43193009e-02 8.87585580e-02 8.90376791e-02 8.99746716e-02
 9.11921635e-02 9.41052362e-02 9.67807695e-02 9.99493748e-02
 1.03460968e-01 1.05411470e-01 1.05686933e-01 1.13674894e-01
 1.19809121e-01 1.22470543e-01 1.29306942e-01 1.29811153e-01
 1.42728433e-01 1.45194441e-01 1.45549834e-01 1.53192773e-01
 1.53226823e-01 1.60704881e-01 1.70524955e-01 1.73397884e-01
 2.23769933e-01 2.26029500e-01 2.34420747e-01 3.35025132e-01]",8.114124298095703,-0.7906109361434728,360
3,1.6691044569015503,0.21151088178157806,0.12567472457885742,module.layer1.1.conv1,"[8.84378681e-12 1.05877338e-11 1.08485547e-11 1.15702734e-11
 1.21899400e-11 1.29489986e-11 1.46251813e-11 1.59677393e-11
 1.92495637e-11 2.62956878e-11 3.58839975e-06 3.79678590e-06
 5.24838742e-06 5.32358717e-06 5.73438047e-06 5.85935186e-06
 6.86956855e-06 8.08983350e-06 1.01683227e-05 1.79615126e-05
 5.63118447e-05 5.71313212e-05 5.91690550e-05 6.30890281e-05
 7.55835717e-05 7.86462260e-05 8.04417505e-05 8.04777883e-05
 8.91646196e-05 1.02892460e-04 1.07087573e-04 1.13343849e-04
 1.17773641e-04 1.55470072e-04 1.62689408e-04 1.64804282e-04
 1.72192915e-04 1.73441076e-04 1.85246143e-04 1.86799778e-04
 1.88243357e-04 2.00706709e-04 2.10329701e-04 2.27325465e-04
 2.28650417e-04 2.30245962e-04 2.34819818e-04 2.42322421e-04
 2.51050602e-04 2.54799816e-04 2.59053078e-04 2.61104258e-04
 2.80794484e-04 3.00985703e-04 3.06530652e-04 3.08032555e-04
 3.13625438e-04 3.15106707e-04 3.17658501e-04 3.18532548e-04
 3.20282881e-04 3.48838046e-04 3.68248613e-04 3.69547750e-04
 3.87884473e-04 4.13075468e-04 4.30049055e-04 4.30394051e-04
 4.33434907e-04 4.59472649e-04 4.61263495e-04 4.79811861e-04
 5.01797243e-04 5.21969341e-04 5.33596321e-04 5.47557895e-04
 5.49147138e-04 5.59171778e-04 5.96948841e-04 5.98670333e-04
 6.00004394e-04 6.14034885e-04 6.25058135e-04 6.29595830e-04
 7.23944395e-04 7.28404615e-04 7.29557592e-04 7.32122571e-04
 7.43630284e-04 7.52838445e-04 7.75540015e-04 8.18949891e-04
 8.39349465e-04 8.42457637e-04 8.45039613e-04 8.62536021e-04
 8.68732575e-04 9.19494778e-04 9.33405885e-04 9.40153201e-04
 9.48300993e-04 9.51557071e-04 9.53521521e-04 9.58202232e-04
 9.92468558e-04 1.04361994e-03 1.07745500e-03 1.08048331e-03
 1.09936553e-03 1.18786702e-03 1.19572051e-03 1.20696623e-03
 1.23023405e-03 1.23212126e-03 1.23285362e-03 1.25141768e-03
 1.27803709e-03 1.29690906e-03 1.35340425e-03 1.44758984e-03
 1.47218164e-03 1.47749076e-03 1.58506143e-03 1.59927318e-03
 1.62977981e-03 1.64516550e-03 1.65124028e-03 1.69461349e-03
 1.70839601e-03 1.71868072e-03 1.77377637e-03 1.80944777e-03
 1.81877520e-03 1.82190444e-03 1.85471238e-03 1.86599419e-03
 1.90765318e-03 2.00866535e-03 2.06397730e-03 2.08515162e-03
 2.09026318e-03 2.11148593e-03 2.13821279e-03 2.20527127e-03
 2.22561043e-03 2.32160673e-03 2.33602268e-03 2.34764814e-03
 2.37329770e-03 2.38867756e-03 2.39328365e-03 2.39526178e-03
 2.54707434e-03 2.55366322e-03 2.59459624e-03 2.70498148e-03
 2.72516557e-03 2.75330013e-03 2.77488306e-03 2.80100130e-03
 2.81505124e-03 2.99549755e-03 3.01037496e-03 3.01995268e-03
 3.07152583e-03 3.09479749e-03 3.11794295e-03 3.12119350e-03
 3.14434827e-03 3.21545266e-03 3.24211014e-03 3.31727881e-03
 3.33655369e-03 3.40668438e-03 3.40989791e-03 3.44056217e-03
 3.46503244e-03 3.47725931e-03 3.69580486e-03 3.69722233e-03
 3.73553042e-03 3.75408214e-03 3.80513421e-03 3.89605830e-03
 4.00236528e-03 4.06152243e-03 4.12436109e-03 4.17687744e-03
 4.18004254e-03 4.18401835e-03 4.29545576e-03 4.30280389e-03
 4.39759251e-03 4.44989046e-03 4.45087859e-03 4.58491826e-03
 4.58570523e-03 4.58814949e-03 4.61607985e-03 4.68591601e-03
 4.86709597e-03 4.88318736e-03 4.92819864e-03 5.05075231e-03
 5.13387937e-03 5.18676918e-03 5.22633363e-03 5.30588906e-03
 5.53474482e-03 5.63223008e-03 5.64970262e-03 5.68179786e-03
 5.93092199e-03 5.93401864e-03 6.01782836e-03 6.09151926e-03
 6.11372944e-03 6.17151102e-03 6.34364039e-03 6.40002964e-03
 6.56132586e-03 6.56250631e-03 6.76013622e-03 6.85636839e-03
 6.97057368e-03 7.09491968e-03 7.09812436e-03 7.35649327e-03
 7.49900984e-03 7.71058490e-03 7.80047150e-03 7.86219165e-03
 7.93320872e-03 8.17388110e-03 8.30588862e-03 8.40918999e-03
 8.42635427e-03 8.94156471e-03 8.94898269e-03 9.03171115e-03
 9.04631615e-03 9.09435563e-03 9.27105825e-03 9.42849368e-03
 9.42903757e-03 9.80754476e-03 9.93731432e-03 1.00792488e-02
 1.00798700e-02 1.01386001e-02 1.03731696e-02 1.04869679e-02
 1.05808992e-02 1.07380645e-02 1.07583841e-02 1.07764443e-02
 1.08050825e-02 1.12258978e-02 1.13768959e-02 1.16351917e-02
 1.17329946e-02 1.19681796e-02 1.21484399e-02 1.25092873e-02
 1.27136754e-02 1.28110545e-02 1.29527794e-02 1.33002326e-02
 1.35628683e-02 1.37327043e-02 1.38878264e-02 1.39695788e-02
 1.44410469e-02 1.49921915e-02 1.51799088e-02 1.55315902e-02
 1.55661795e-02 1.56851057e-02 1.57699585e-02 1.64690223e-02
 1.68886762e-02 1.71372388e-02 1.71854757e-02 1.76055804e-02
 1.78824924e-02 1.81355719e-02 1.90168228e-02 1.90945696e-02
 1.91867966e-02 1.93190649e-02 1.94862485e-02 1.94927845e-02
 2.02984735e-02 2.10735723e-02 2.13780608e-02 2.27731857e-02
 2.33816262e-02 2.38281135e-02 2.38490440e-02 2.41772961e-02
 2.56806090e-02 2.59440690e-02 2.65416633e-02 2.67685372e-02
 2.69894898e-02 2.70327870e-02 2.77057998e-02 2.86147855e-02
 2.89012007e-02 3.10372356e-02 3.18485983e-02 3.23392637e-02
 3.34296487e-02 3.34379934e-02 3.45928594e-02 3.47151570e-02
 3.48136500e-02 3.57848629e-02 3.60662118e-02 3.80358845e-02
 4.06116284e-02 4.06803899e-02 4.16530557e-02 4.20054495e-02
 4.20377031e-02 4.59888466e-02 4.60319035e-02 4.82330658e-02
 4.98604402e-02 5.00038713e-02 5.23149222e-02 5.58061637e-02
 5.68229929e-02 5.91686331e-02 5.99141419e-02 6.44816533e-02
 6.47353679e-02 6.54073581e-02 7.09062293e-02 7.91280866e-02
 8.00844058e-02 8.58670697e-02 8.62853602e-02 8.74093845e-02
 8.93632397e-02 8.98769200e-02 9.12319273e-02 9.30048823e-02
 1.03819042e-01 1.09424770e-01 1.14232272e-01 1.18608274e-01
 1.24489404e-01 1.31694779e-01 1.31785944e-01 1.59392357e-01
 1.84375525e-01 1.89013883e-01 2.02354833e-01 2.11510882e-01]",5.620872497558594,-1.1260901709735363,360
4,1.5616381168365479,0.3628805875778198,0.1649034470319748,module.layer1.1.conv2,"[3.77452780e-05 4.20918368e-05 4.46214981e-05 4.55467307e-05
 4.68150211e-05 5.02861658e-05 5.55711267e-05 5.78025829e-05
 5.92413526e-05 5.95666133e-05 6.13693337e-05 6.43774256e-05
 6.53823809e-05 7.04426056e-05 7.14645794e-05 7.27669394e-05
 7.28189261e-05 7.96946697e-05 8.08605255e-05 8.20191126e-05
 8.55185717e-05 8.62728775e-05 9.28107111e-05 9.29899907e-05
 9.97662428e-05 9.99246840e-05 1.03030485e-04 1.05018444e-04
 1.05313797e-04 1.06022271e-04 1.09354238e-04 1.11233945e-04
 1.12464659e-04 1.15038049e-04 1.19617005e-04 1.22500220e-04
 1.26135492e-04 1.28609390e-04 1.28828993e-04 1.32084693e-04
 1.34079877e-04 1.36129078e-04 1.39051583e-04 1.44767793e-04
 1.45788159e-04 1.47965766e-04 1.52171211e-04 1.53662782e-04
 1.57329079e-04 1.58023962e-04 1.61898046e-04 1.62299984e-04
 1.63921417e-04 1.75570880e-04 1.80053554e-04 1.85074139e-04
 1.87109908e-04 1.88056641e-04 1.89361293e-04 1.93552783e-04
 1.94846245e-04 1.96419118e-04 1.96749548e-04 2.08707133e-04
 2.09579157e-04 2.12419167e-04 2.14150685e-04 2.17189896e-04
 2.18524772e-04 2.19680471e-04 2.29465339e-04 2.29609883e-04
 2.31911312e-04 2.33812854e-04 2.40041016e-04 2.49015109e-04
 2.50635640e-04 2.51524674e-04 2.52770580e-04 2.57757318e-04
 2.65796465e-04 2.71175260e-04 2.80269887e-04 2.93183955e-04
 2.94254191e-04 2.99885229e-04 3.01963184e-04 3.07513488e-04
 3.08152405e-04 3.08851217e-04 3.10462725e-04 3.13261058e-04
 3.20708990e-04 3.23897984e-04 3.24055960e-04 3.24113847e-04
 3.27750982e-04 3.34231736e-04 3.35662189e-04 3.51968745e-04
 3.63805972e-04 3.81077145e-04 3.82417435e-04 3.84977931e-04
 3.88367305e-04 4.02866339e-04 4.03088459e-04 4.11306944e-04
 4.16674156e-04 4.20311961e-04 4.24485566e-04 4.26738785e-04
 4.29187086e-04 4.30303626e-04 4.40865289e-04 4.45613638e-04
 4.59706964e-04 4.71578940e-04 4.94236883e-04 5.01250499e-04
 5.03181654e-04 5.11718565e-04 5.14349958e-04 5.21671493e-04
 5.28585981e-04 5.31862897e-04 5.34183870e-04 5.46811672e-04
 5.53678663e-04 5.68941527e-04 5.88134455e-04 5.92436758e-04
 6.03885273e-04 6.26686495e-04 6.28583308e-04 6.36144017e-04
 6.48753427e-04 6.57825905e-04 6.72565599e-04 6.82618760e-04
 6.85088511e-04 6.87802036e-04 7.02795689e-04 7.44085526e-04
 7.83790951e-04 7.86608784e-04 8.25872936e-04 8.50546232e-04
 8.77150509e-04 8.81867309e-04 9.02829983e-04 9.05603869e-04
 9.11865791e-04 9.73832270e-04 9.91529436e-04 1.01345731e-03
 1.04091247e-03 1.14131975e-03 1.16963324e-03 1.21075823e-03
 1.21180085e-03 1.23954914e-03 1.30713149e-03 1.32175721e-03
 1.37046759e-03 1.38890592e-03 1.52255502e-03 1.52946776e-03
 1.61173812e-03 1.68051594e-03 1.72139006e-03 1.73482997e-03
 1.76403031e-03 2.02495279e-03 2.08968553e-03 2.13151588e-03
 2.13938812e-03 2.21678172e-03 2.24651652e-03 2.25375197e-03
 2.53181742e-03 2.57599680e-03 2.57728575e-03 2.58746673e-03
 2.67999433e-03 2.69012898e-03 2.77721439e-03 2.85041053e-03
 2.86540436e-03 2.91856308e-03 2.97780568e-03 3.06104287e-03
 3.09754908e-03 3.10385507e-03 3.28481873e-03 3.40016442e-03
 3.42060789e-03 3.44978599e-03 3.54921026e-03 3.68376309e-03
 3.72259459e-03 3.74564715e-03 3.79468757e-03 4.02813824e-03
 4.08807257e-03 4.49989410e-03 4.51031700e-03 4.57850518e-03
 4.60875221e-03 4.62543545e-03 4.71126568e-03 4.77896770e-03
 4.81521059e-03 4.94079385e-03 4.96079260e-03 5.13844797e-03
 5.56699140e-03 5.58288302e-03 5.72275091e-03 5.79225644e-03
 6.05367078e-03 6.06824737e-03 6.08016318e-03 6.18828693e-03
 6.32741023e-03 6.34179264e-03 6.47086091e-03 6.62496174e-03
 6.77145319e-03 6.86714519e-03 6.92058774e-03 6.96025277e-03
 7.11507397e-03 7.24171987e-03 7.32578663e-03 7.47967418e-03
 7.62053998e-03 7.76576204e-03 7.88036827e-03 8.09901394e-03
 8.21136776e-03 8.38233810e-03 8.38336442e-03 9.01560951e-03
 9.01814271e-03 9.32491571e-03 9.52836312e-03 9.71383508e-03
 9.73225385e-03 9.77017172e-03 9.77553613e-03 9.88165289e-03
 1.00576989e-02 1.02622937e-02 1.03920400e-02 1.10157281e-02
 1.10807437e-02 1.11723971e-02 1.14205172e-02 1.15135694e-02
 1.16801141e-02 1.17118163e-02 1.18386867e-02 1.20213497e-02
 1.21000111e-02 1.24675091e-02 1.26142856e-02 1.26887783e-02
 1.28537416e-02 1.35283265e-02 1.35567496e-02 1.37117123e-02
 1.42279612e-02 1.46969892e-02 1.47276558e-02 1.49755394e-02
 1.52841732e-02 1.54975783e-02 1.56076225e-02 1.57064889e-02
 1.61982868e-02 1.62294712e-02 1.65455658e-02 1.65770687e-02
 1.79736968e-02 1.87299773e-02 1.91331971e-02 1.99796669e-02
 2.01434605e-02 2.03010142e-02 2.05405615e-02 2.10983045e-02
 2.11582072e-02 2.13900898e-02 2.21846811e-02 2.25445796e-02
 2.33480074e-02 2.39863284e-02 2.43263636e-02 2.45461296e-02
 2.62327809e-02 2.66910214e-02 2.71458607e-02 2.77061015e-02
 2.77301855e-02 2.78783049e-02 2.97713913e-02 2.98801456e-02
 3.15883271e-02 3.21795680e-02 3.27860489e-02 3.34027708e-02
 3.36598940e-02 3.38654108e-02 3.43890078e-02 3.49269547e-02
 3.60449702e-02 3.69559601e-02 3.72520089e-02 3.80593687e-02
 3.88451628e-02 3.91783528e-02 4.08130512e-02 4.13175374e-02
 4.26780432e-02 4.27328236e-02 4.64950092e-02 4.67534736e-02
 4.86674458e-02 5.06315753e-02 5.09201810e-02 5.10475673e-02
 5.10894544e-02 5.21256626e-02 5.24048284e-02 5.37167490e-02
 5.85427172e-02 5.93897328e-02 6.03096858e-02 6.13530949e-02
 6.60069585e-02 6.76754266e-02 6.88173249e-02 6.88372329e-02
 7.03188777e-02 7.49804378e-02 7.94773847e-02 8.07907581e-02
 8.29898119e-02 8.98908600e-02 9.18531790e-02 9.79689956e-02
 1.01072766e-01 1.02728248e-01 1.12455547e-01 1.16244778e-01
 1.29213050e-01 1.30603909e-01 1.55716598e-01 3.62880588e-01]",5.036359786987305,-0.6874897301373345,360
5,1.1827116012573242,0.3465516269207001,0.16153675317764282,module.layer2.0.conv1,"[2.9269436e-18 7.3247811e-18 7.4326785e-18 ... 3.0471754e-01 3.3921090e-01
 3.4655163e-01]",40.64942169189453,-0.5443217942363102,10000
6,1.3497570753097534,0.38945093750953674,0.1422574818134308,module.layer2.0.conv2,"[3.6584404e-09 3.6864891e-09 3.7923003e-09 ... 3.2581469e-01 3.5210079e-01
 3.8945094e-01]",72.01240539550781,-0.5527892934529094,10000
7,1.4443058967590332,0.6494307518005371,0.11811909079551697,module.layer2.0.shortcut.0,"[3.68999650e-07 7.56410543e-07 8.12939334e-07 9.06970229e-07
 1.18979574e-06 1.23566872e-06 1.34764230e-06 1.42958800e-06
 1.74379750e-06 1.76704123e-06 1.83725206e-06 2.05315951e-06
 2.26214070e-06 2.31854392e-06 2.49449931e-06 2.53012013e-06
 2.97370752e-06 2.98029613e-06 3.16094042e-06 3.38519021e-06
 3.46246225e-06 3.62137143e-06 3.81829250e-06 4.22082849e-06
 4.33730929e-06 4.94297728e-06 5.05796788e-06 5.09982146e-06
 5.14285057e-06 5.35552999e-06 5.39987332e-06 5.85916268e-06
 6.00414069e-06 6.38417896e-06 6.76161517e-06 7.02492343e-06
 7.38313793e-06 7.95221877e-06 8.11542577e-06 8.72077362e-06
 8.80995685e-06 9.41118014e-06 9.82170695e-06 9.91261641e-06
 1.01332780e-05 1.01902124e-05 1.08839249e-05 1.10406481e-05
 1.11973386e-05 1.13077367e-05 1.13961069e-05 1.20042232e-05
 1.22827296e-05 1.26727291e-05 1.33260410e-05 1.37172892e-05
 1.41788514e-05 1.46548764e-05 1.51020367e-05 1.60698037e-05
 1.63560198e-05 1.67387516e-05 1.74074648e-05 1.75454315e-05
 1.79759554e-05 1.81326923e-05 1.81739561e-05 1.92683983e-05
 1.93691521e-05 1.96276578e-05 1.99878705e-05 2.10272610e-05
 2.17632878e-05 2.20796883e-05 2.21612609e-05 2.23441893e-05
 2.29002890e-05 2.31135346e-05 2.32955972e-05 2.35787757e-05
 2.37050717e-05 2.40696227e-05 2.53673061e-05 2.73372116e-05
 2.77330764e-05 2.81526463e-05 2.89193576e-05 2.90272474e-05
 2.95373029e-05 3.00971915e-05 3.01301552e-05 3.05627254e-05
 3.11737167e-05 3.26708468e-05 3.39592625e-05 3.41705345e-05
 3.53759970e-05 3.61734419e-05 3.68837937e-05 3.70584676e-05
 3.71260066e-05 3.84760933e-05 3.91163776e-05 3.92451948e-05
 4.12075387e-05 4.14111819e-05 4.16754119e-05 4.17937408e-05
 4.19563767e-05 4.34253598e-05 4.57635870e-05 4.69696315e-05
 4.75978559e-05 4.85123746e-05 4.94044543e-05 4.96536632e-05
 5.11808212e-05 5.16505279e-05 5.38975255e-05 5.47232994e-05
 5.48138523e-05 5.56431296e-05 5.58190259e-05 5.60097724e-05
 5.63723006e-05 5.83417386e-05 6.15557801e-05 6.29837159e-05
 6.31236617e-05 6.42201485e-05 6.61226295e-05 6.64725740e-05
 6.69874280e-05 6.70814188e-05 6.73401883e-05 6.77968856e-05
 6.81668316e-05 6.92421600e-05 7.08298685e-05 7.39732859e-05
 7.76759989e-05 7.81182753e-05 7.88962789e-05 8.05851378e-05
 8.07234101e-05 8.12484068e-05 8.19897468e-05 8.29909113e-05
 8.46655385e-05 8.65138718e-05 9.05623674e-05 9.31948307e-05
 9.41647086e-05 9.61606784e-05 9.85020451e-05 9.90622939e-05
 9.96649615e-05 1.00822828e-04 1.03058796e-04 1.03618186e-04
 1.04483515e-04 1.05405161e-04 1.06842279e-04 1.10129280e-04
 1.12935239e-04 1.17593903e-04 1.18553347e-04 1.18910262e-04
 1.20111836e-04 1.20599601e-04 1.20959376e-04 1.24678991e-04
 1.25152772e-04 1.25391321e-04 1.26832674e-04 1.27497318e-04
 1.29786786e-04 1.31878463e-04 1.33545240e-04 1.38477626e-04
 1.41188357e-04 1.43422702e-04 1.44536069e-04 1.45027530e-04
 1.45889047e-04 1.51237735e-04 1.56218128e-04 1.60124851e-04
 1.62372467e-04 1.63397141e-04 1.63664794e-04 1.69102685e-04
 1.72066895e-04 1.72085332e-04 1.72777596e-04 1.73799534e-04
 1.76857196e-04 1.80041025e-04 1.81591284e-04 1.83466967e-04
 1.90270948e-04 1.93655287e-04 1.96676570e-04 1.96827270e-04
 2.00751383e-04 2.04236028e-04 2.10168320e-04 2.11160863e-04
 2.11521925e-04 2.11663020e-04 2.21790775e-04 2.24373434e-04
 2.24733056e-04 2.25446376e-04 2.28221150e-04 2.28410252e-04
 2.40404974e-04 2.42358306e-04 2.44883035e-04 2.45735660e-04
 2.48259690e-04 2.49545468e-04 2.51383259e-04 2.55252118e-04
 2.56198604e-04 2.58445740e-04 2.60102766e-04 2.67543859e-04
 2.67850875e-04 2.68986332e-04 2.72547652e-04 2.73305603e-04
 2.75633036e-04 2.75734521e-04 2.77435553e-04 2.78083724e-04
 2.89683056e-04 2.97666527e-04 3.07053240e-04 3.07369453e-04
 3.08468472e-04 3.14566510e-04 3.28369439e-04 3.29626171e-04
 3.39805323e-04 3.40667902e-04 3.45362903e-04 3.50445334e-04
 3.50845687e-04 3.62372288e-04 3.62999097e-04 3.64313571e-04
 3.68861714e-04 3.78030614e-04 3.79441626e-04 3.80848476e-04
 3.83157283e-04 3.87078646e-04 4.05603991e-04 4.07696149e-04
 4.09045490e-04 4.19106887e-04 4.21421020e-04 4.25253296e-04
 4.25357779e-04 4.34070098e-04 4.44830715e-04 4.47358063e-04
 4.55663045e-04 4.56027163e-04 4.58636001e-04 4.66411177e-04
 4.66578058e-04 4.72316839e-04 4.74764704e-04 4.78214963e-04
 4.86253208e-04 4.87774611e-04 5.07736229e-04 5.13065665e-04
 5.24134899e-04 5.25943527e-04 5.31347992e-04 5.31394850e-04
 5.43355069e-04 5.43970207e-04 5.46637981e-04 5.65308379e-04
 5.66832256e-04 5.85077854e-04 5.85966394e-04 6.09295850e-04
 6.13620388e-04 6.19669852e-04 6.23572094e-04 6.39021746e-04
 6.44161541e-04 6.47177687e-04 6.57984987e-04 6.66195527e-04
 6.68366847e-04 6.70557725e-04 7.02733989e-04 7.04406528e-04
 7.05167651e-04 7.18621304e-04 7.25485908e-04 7.44531397e-04
 7.44871388e-04 7.56736263e-04 7.70300918e-04 7.73823820e-04
 7.76075234e-04 7.78042711e-04 7.95405416e-04 7.99660687e-04
 8.19466484e-04 8.27133190e-04 8.41113273e-04 8.73467245e-04
 8.80952110e-04 8.83678382e-04 8.87851056e-04 8.89686053e-04
 8.95924633e-04 9.06899048e-04 9.25658795e-04 9.35814984e-04
 9.40301397e-04 9.41672828e-04 9.76212265e-04 9.83339618e-04
 1.00884947e-03 1.01094542e-03 1.01557793e-03 1.03569892e-03
 1.04354019e-03 1.05617265e-03 1.06963876e-03 1.07895711e-03
 1.08695705e-03 1.10129255e-03 1.10349886e-03 1.11267762e-03
 1.14756729e-03 1.16716721e-03 1.21961604e-03 1.22049183e-03
 1.22278451e-03 1.24596490e-03 1.25270605e-03 1.27805118e-03
 1.28104701e-03 1.28535181e-03 1.28575298e-03 1.30232447e-03
 1.30831648e-03 1.33832672e-03 1.34607661e-03 1.40443188e-03
 1.45477324e-03 1.46793691e-03 1.47117698e-03 1.47159700e-03
 1.50565663e-03 1.53047056e-03 1.57467276e-03 1.62477954e-03
 1.62896840e-03 1.63402036e-03 1.63555029e-03 1.65181980e-03
 1.66274956e-03 1.68776675e-03 1.69894914e-03 1.73982105e-03
 1.77557580e-03 1.80549454e-03 1.81524141e-03 1.82402844e-03
 1.83605507e-03 1.84453872e-03 1.88203540e-03 1.93546270e-03
 1.96611090e-03 1.97373540e-03 1.99180329e-03 2.01805541e-03
 2.05724896e-03 2.05943338e-03 2.08796957e-03 2.12637195e-03
 2.20725732e-03 2.20845267e-03 2.21405271e-03 2.22396408e-03
 2.23445077e-03 2.27351859e-03 2.32874718e-03 2.33515026e-03
 2.42779613e-03 2.44577113e-03 2.45049992e-03 2.51715467e-03
 2.51830276e-03 2.51998799e-03 2.54052877e-03 2.54833652e-03
 2.55913287e-03 2.59770569e-03 2.59970711e-03 2.64197751e-03
 2.68294872e-03 2.69208732e-03 2.71834596e-03 2.78227520e-03
 2.79524387e-03 2.89359363e-03 2.89619574e-03 2.95507465e-03
 3.00490786e-03 3.09712440e-03 3.12847202e-03 3.15620075e-03
 3.21630598e-03 3.32960300e-03 3.34641803e-03 3.39351757e-03
 3.46223149e-03 3.46984877e-03 3.50656500e-03 3.54800397e-03
 3.55414161e-03 3.60322278e-03 3.63017456e-03 3.72297969e-03
 3.74594610e-03 3.75637598e-03 3.78830289e-03 3.86278937e-03
 3.89350601e-03 3.90487607e-03 3.96741927e-03 4.01947415e-03
 4.05197544e-03 4.09536436e-03 4.13148664e-03 4.28917212e-03
 4.34237393e-03 4.47145570e-03 4.57271235e-03 4.60535800e-03
 4.61295107e-03 4.61730594e-03 4.64779045e-03 4.75076260e-03
 4.75656940e-03 4.89079487e-03 4.95837769e-03 4.96740593e-03
 5.06175682e-03 5.16628334e-03 5.30811306e-03 5.42235002e-03
 5.45655843e-03 5.47940889e-03 5.57436189e-03 5.62813366e-03
 5.65996487e-03 5.66559704e-03 5.71658649e-03 5.75545430e-03
 5.77852875e-03 5.80908824e-03 5.95442438e-03 6.22620992e-03
 6.26721466e-03 6.48387801e-03 6.50565606e-03 6.58096187e-03
 6.91407127e-03 6.93322252e-03 6.96450891e-03 7.05578458e-03
 7.12867407e-03 7.17087369e-03 7.19360728e-03 7.25339353e-03
 7.34467478e-03 7.49640726e-03 7.51148956e-03 7.83438515e-03
 7.95004424e-03 7.95828365e-03 8.07100255e-03 8.26627761e-03
 8.42292979e-03 8.63329787e-03 8.64933431e-03 8.77387542e-03
 8.92492477e-03 8.93980917e-03 8.96150991e-03 9.17195156e-03
 9.32885800e-03 9.53177176e-03 9.83592309e-03 9.91191063e-03
 1.00198509e-02 1.01322113e-02 1.02294665e-02 1.03896931e-02
 1.05367536e-02 1.05389562e-02 1.08542535e-02 1.08558685e-02
 1.09468540e-02 1.10652093e-02 1.11033237e-02 1.14763258e-02
 1.19757839e-02 1.24515211e-02 1.25416648e-02 1.25504639e-02
 1.29781626e-02 1.31478589e-02 1.34871667e-02 1.35763604e-02
 1.36113856e-02 1.38282990e-02 1.41065121e-02 1.47704547e-02
 1.52937872e-02 1.53609775e-02 1.58691593e-02 1.58908106e-02
 1.59225035e-02 1.61655303e-02 1.66667085e-02 1.67302564e-02
 1.67420693e-02 1.69146825e-02 1.69169456e-02 1.70771051e-02
 1.73832327e-02 1.76910497e-02 1.80597734e-02 1.84985958e-02
 1.85622275e-02 1.98546872e-02 2.00291649e-02 2.01582629e-02
 2.07401831e-02 2.07449719e-02 2.09001936e-02 2.12351847e-02
 2.20326129e-02 2.20641606e-02 2.20893770e-02 2.35072058e-02
 2.38935612e-02 2.42050942e-02 2.44471692e-02 2.49961168e-02
 2.52125300e-02 2.53458451e-02 2.61468831e-02 2.80622523e-02
 2.83020381e-02 2.86041200e-02 3.01878136e-02 3.06187570e-02
 3.06810848e-02 3.13696638e-02 3.20831761e-02 3.23107801e-02
 3.39529030e-02 3.43814567e-02 3.53374593e-02 3.59857529e-02
 3.73733491e-02 3.77943330e-02 3.79945263e-02 3.82910520e-02
 3.88418846e-02 4.07761000e-02 4.17838506e-02 4.33870554e-02
 4.42650691e-02 4.75370064e-02 4.76315171e-02 4.95292209e-02
 5.15226722e-02 5.62145337e-02 5.66151589e-02 5.77599406e-02
 5.97297996e-02 6.07427470e-02 6.16880730e-02 6.17929772e-02
 6.19641766e-02 6.66868091e-02 7.05076456e-02 7.08503872e-02
 7.15784207e-02 7.45402798e-02 7.46775866e-02 7.65310377e-02
 7.67719746e-02 7.72272721e-02 8.60895887e-02 8.74598399e-02
 9.09033269e-02 9.78141725e-02 9.95370448e-02 1.10692710e-01
 1.10709764e-01 1.12509526e-01 1.21309578e-01 1.28138602e-01
 1.34348482e-01 1.39398247e-01 1.44310221e-01 1.44841731e-01
 1.46701917e-01 1.60876647e-01 1.72158107e-01 1.75014958e-01
 1.81605980e-01 1.97062597e-01 2.02553689e-01 2.53257513e-01
 2.85316557e-01 2.86673933e-01 3.25909019e-01 3.56907636e-01
 4.18674260e-01 4.55245048e-01 5.74148774e-01 6.49430752e-01]",10.271586418151855,-0.27075991097427576,640
8,1.3459324836730957,0.25279325246810913,0.1435689926147461,module.layer2.1.conv1,"[2.3378925e-09 2.4938100e-09 2.8924567e-09 ... 2.2083296e-01 2.2402190e-01
 2.5279325e-01]",57.75751495361328,-0.8038373440412471,10000
9,1.341881275177002,0.2836363911628723,0.14070433378219604,module.layer2.1.conv2,"[7.5607232e-10 9.6293373e-10 9.9887620e-10 ... 2.7102643e-01 2.7486429e-01
 2.8363639e-01]",49.47486877441406,-0.7343284910069179,10000
10,1.5217410326004028,0.25380000472068787,0.13693836331367493,module.layer3.0.conv1,"[1.8897953e-06 1.9167260e-06 2.1331693e-06 ... 2.2996680e-01 2.3335074e-01
 2.5380000e-01]",103.65709686279297,-0.9062095282216348,10000
11,1.729762315750122,0.18921446800231934,0.13226661086082458,module.layer3.0.conv2,"[2.5835581e-05 3.2172538e-05 3.3994238e-05 ... 1.8701006e-01 1.8708177e-01
 1.8921447e-01]",136.9544677734375,-1.2506971334776193,10000
12,1.7549687623977661,0.17674382030963898,0.1494593322277069,module.layer3.0.shortcut.0,"[4.56105445e-05 5.32265476e-05 5.34473911e-05 5.84631671e-05
 5.84984082e-05 6.07207403e-05 6.31456860e-05 7.04273480e-05
 7.19419695e-05 7.25416830e-05 8.42160880e-05 8.42998998e-05
 9.09236769e-05 9.19267841e-05 9.44265121e-05 9.87513267e-05
 9.88846077e-05 1.07448861e-04 1.10691210e-04 1.17884883e-04
 1.18882395e-04 1.22284269e-04 1.31690002e-04 1.33602385e-04
 1.33692141e-04 1.40911055e-04 1.45097161e-04 1.45637401e-04
 1.50646141e-04 1.51107146e-04 1.54876892e-04 1.57228889e-04
 1.58735435e-04 1.65063611e-04 1.66147540e-04 1.66201105e-04
 1.68716142e-04 1.76728980e-04 1.80888412e-04 1.81787793e-04
 1.93982676e-04 2.04205979e-04 2.07093763e-04 2.10213126e-04
 2.14108906e-04 2.15089356e-04 2.23741867e-04 2.26042612e-04
 2.31105412e-04 2.32085120e-04 2.34362844e-04 2.36344815e-04
 2.37603468e-04 2.45285395e-04 2.46357580e-04 2.53404782e-04
 2.61568493e-04 2.61792797e-04 2.65182432e-04 2.65234296e-04
 2.70107674e-04 2.75337487e-04 2.79096625e-04 2.90571596e-04
 2.94605037e-04 2.94817321e-04 2.98283150e-04 3.03676206e-04
 3.07016424e-04 3.17392929e-04 3.18241335e-04 3.21588275e-04
 3.24533612e-04 3.24736524e-04 3.27599992e-04 3.34212877e-04
 3.37480800e-04 3.40781640e-04 3.43118998e-04 3.52823728e-04
 3.58544261e-04 3.61055601e-04 3.67342698e-04 3.69033165e-04
 3.83454782e-04 3.86127736e-04 3.86202853e-04 3.98257253e-04
 3.99807992e-04 4.02396312e-04 4.09962930e-04 4.10010689e-04
 4.24651371e-04 4.32219822e-04 4.41181270e-04 4.60589654e-04
 4.66742378e-04 4.75281908e-04 4.75386943e-04 4.84566321e-04
 4.86019038e-04 5.01330243e-04 5.02204173e-04 5.02567447e-04
 5.04145515e-04 5.16757835e-04 5.22152521e-04 5.26612450e-04
 5.36811363e-04 5.39930537e-04 5.47376927e-04 5.73044468e-04
 5.73683472e-04 5.78981650e-04 5.80683525e-04 5.81308210e-04
 5.91832213e-04 5.92613360e-04 5.99595194e-04 6.02630083e-04
 6.08369301e-04 6.24222448e-04 6.30583498e-04 6.36404206e-04
 6.48881367e-04 6.52338378e-04 6.52884482e-04 6.59746933e-04
 6.68115332e-04 6.73085044e-04 6.75803109e-04 6.90481102e-04
 6.98560558e-04 7.01473560e-04 7.07684725e-04 7.13621441e-04
 7.14269292e-04 7.24849699e-04 7.28783722e-04 7.38688046e-04
 7.55837304e-04 7.57622591e-04 7.68106314e-04 7.78235670e-04
 7.80108792e-04 7.88435340e-04 7.89969054e-04 8.06448516e-04
 8.11287959e-04 8.28989723e-04 8.44108115e-04 8.51400662e-04
 8.53576756e-04 8.58216838e-04 8.75112542e-04 8.75219645e-04
 8.77255399e-04 8.91433679e-04 9.01624095e-04 9.05557536e-04
 9.06852714e-04 9.15016513e-04 9.16397024e-04 9.19696759e-04
 9.22496023e-04 9.43795254e-04 9.50207526e-04 9.72324808e-04
 9.77677177e-04 9.98044154e-04 1.01403135e-03 1.02336833e-03
 1.03162788e-03 1.03741686e-03 1.03816553e-03 1.04602124e-03
 1.06955157e-03 1.08054117e-03 1.08726264e-03 1.10431062e-03
 1.11782737e-03 1.13080838e-03 1.13324553e-03 1.14736822e-03
 1.14861224e-03 1.15080178e-03 1.15251250e-03 1.15784805e-03
 1.17484096e-03 1.19779585e-03 1.22422830e-03 1.22547837e-03
 1.25209067e-03 1.26122253e-03 1.27347582e-03 1.27573113e-03
 1.32312987e-03 1.33466895e-03 1.34233618e-03 1.34314096e-03
 1.35918148e-03 1.36526674e-03 1.37365342e-03 1.41433266e-03
 1.41648925e-03 1.42884441e-03 1.44192565e-03 1.44203741e-03
 1.45011477e-03 1.45607418e-03 1.45934091e-03 1.46889815e-03
 1.47546979e-03 1.49539590e-03 1.49740966e-03 1.50143169e-03
 1.52481417e-03 1.54711748e-03 1.54956081e-03 1.55828160e-03
 1.59180176e-03 1.60098833e-03 1.60403922e-03 1.62960868e-03
 1.63349928e-03 1.63828139e-03 1.64337154e-03 1.65652216e-03
 1.67362369e-03 1.69969234e-03 1.71237742e-03 1.76501961e-03
 1.79472310e-03 1.81752641e-03 1.81954901e-03 1.83601934e-03
 1.84071367e-03 1.84177468e-03 1.85018696e-03 1.87558623e-03
 1.87581428e-03 1.91529933e-03 1.92433025e-03 1.93551451e-03
 1.94924639e-03 1.96848670e-03 2.01145303e-03 2.01883120e-03
 2.03964394e-03 2.04434083e-03 2.05121678e-03 2.05420027e-03
 2.05475953e-03 2.05973256e-03 2.06301664e-03 2.16719322e-03
 2.19207094e-03 2.19460647e-03 2.21126014e-03 2.22026650e-03
 2.25728867e-03 2.26359698e-03 2.27474840e-03 2.31930031e-03
 2.32105749e-03 2.33806740e-03 2.36833980e-03 2.37269956e-03
 2.37849751e-03 2.39230786e-03 2.39618146e-03 2.42125290e-03
 2.44165049e-03 2.45185639e-03 2.47963239e-03 2.50444748e-03
 2.54356023e-03 2.60136137e-03 2.61128508e-03 2.61430745e-03
 2.62198877e-03 2.63767131e-03 2.64167902e-03 2.64270091e-03
 2.67349440e-03 2.69678794e-03 2.70864926e-03 2.78336415e-03
 2.81695928e-03 2.81804521e-03 2.86120409e-03 2.86260038e-03
 2.86288140e-03 2.90033245e-03 2.93293758e-03 2.96694948e-03
 2.98296032e-03 3.00126127e-03 3.00185964e-03 3.03159980e-03
 3.05528543e-03 3.06752115e-03 3.06811812e-03 3.07617872e-03
 3.08540254e-03 3.09927785e-03 3.11203324e-03 3.14139645e-03
 3.22185690e-03 3.23385955e-03 3.34084290e-03 3.35349259e-03
 3.35720414e-03 3.37911164e-03 3.39123374e-03 3.43572767e-03
 3.44800949e-03 3.44825932e-03 3.46107339e-03 3.52301658e-03
 3.52527411e-03 3.53549724e-03 3.57862678e-03 3.58380098e-03
 3.68359359e-03 3.71148507e-03 3.72693222e-03 3.76112503e-03
 3.77691584e-03 3.77850840e-03 3.79881007e-03 3.80990235e-03
 3.93441739e-03 4.02730890e-03 4.05676244e-03 4.11811611e-03
 4.18623071e-03 4.19948623e-03 4.20250930e-03 4.21386166e-03
 4.24134359e-03 4.29266877e-03 4.29581199e-03 4.33548912e-03
 4.38914122e-03 4.40411083e-03 4.44158912e-03 4.48148837e-03
 4.55990527e-03 4.59237350e-03 4.59759170e-03 4.68368037e-03
 4.69368696e-03 4.73753782e-03 4.73980885e-03 4.76763677e-03
 4.82817553e-03 4.83399956e-03 4.83662728e-03 4.84068040e-03
 4.84747346e-03 4.86726360e-03 4.90738358e-03 4.91325278e-03
 5.04142651e-03 5.10889152e-03 5.12537872e-03 5.13742259e-03
 5.17378422e-03 5.18202130e-03 5.19106817e-03 5.19230077e-03
 5.23644313e-03 5.32926526e-03 5.35032339e-03 5.37846377e-03
 5.41872066e-03 5.42575074e-03 5.48346015e-03 5.50834090e-03
 5.64714707e-03 5.66090737e-03 5.66970091e-03 5.69377327e-03
 5.72158536e-03 5.74624445e-03 5.74811967e-03 5.75933792e-03
 5.76017378e-03 5.88372117e-03 5.92634035e-03 5.94181847e-03
 6.00190042e-03 6.02554344e-03 6.04197849e-03 6.05159486e-03
 6.07001875e-03 6.08188985e-03 6.16094982e-03 6.18477911e-03
 6.28538150e-03 6.35669753e-03 6.35929964e-03 6.38973387e-03
 6.41909335e-03 6.54116226e-03 6.58047711e-03 6.58420939e-03
 6.58547785e-03 6.59733266e-03 6.67878846e-03 6.75024558e-03
 6.78498950e-03 6.85169268e-03 6.87936693e-03 6.89859781e-03
 7.01412419e-03 7.14186439e-03 7.20977364e-03 7.22281402e-03
 7.23244715e-03 7.40758842e-03 7.52781704e-03 7.53734726e-03
 7.54989637e-03 7.63501041e-03 7.67402910e-03 7.72189675e-03
 7.78936781e-03 7.84530211e-03 7.90888071e-03 7.91127142e-03
 7.93662108e-03 8.07061512e-03 8.10862333e-03 8.11697822e-03
 8.15331936e-03 8.16990994e-03 8.23759846e-03 8.32029618e-03
 8.32605734e-03 8.43298715e-03 8.51457100e-03 8.65758862e-03
 8.66039842e-03 8.72037746e-03 8.91405623e-03 8.95591360e-03
 9.05399490e-03 9.06499289e-03 9.10760649e-03 9.15183499e-03
 9.17660724e-03 9.23293270e-03 9.28605907e-03 9.38628707e-03
 9.38666891e-03 9.49599501e-03 9.54545196e-03 9.76366550e-03
 9.86099988e-03 9.90011357e-03 9.91829950e-03 1.00319786e-02
 1.01706581e-02 1.01737296e-02 1.02306847e-02 1.03112822e-02
 1.04243932e-02 1.04523478e-02 1.04605276e-02 1.04735885e-02
 1.05869742e-02 1.07039530e-02 1.08437939e-02 1.08651668e-02
 1.09474165e-02 1.09653613e-02 1.10036731e-02 1.10114636e-02
 1.10389134e-02 1.10753095e-02 1.16509087e-02 1.16793588e-02
 1.17423516e-02 1.17447926e-02 1.21234292e-02 1.21463919e-02
 1.22125652e-02 1.23054907e-02 1.23089040e-02 1.23416129e-02
 1.23671228e-02 1.25589641e-02 1.26304226e-02 1.26425801e-02
 1.27624320e-02 1.28664849e-02 1.28723327e-02 1.28726093e-02
 1.30997114e-02 1.31528610e-02 1.31730875e-02 1.33789051e-02
 1.34113953e-02 1.35797709e-02 1.36121335e-02 1.38091492e-02
 1.38197336e-02 1.38784759e-02 1.39645841e-02 1.40992422e-02
 1.42481262e-02 1.42609579e-02 1.42716747e-02 1.44113703e-02
 1.44621395e-02 1.45284310e-02 1.45371510e-02 1.46609284e-02
 1.48502076e-02 1.50559060e-02 1.51465246e-02 1.51717272e-02
 1.53380241e-02 1.54662794e-02 1.54798366e-02 1.55509561e-02
 1.55852390e-02 1.57885905e-02 1.60757694e-02 1.62213016e-02
 1.63910519e-02 1.64906383e-02 1.66811477e-02 1.67121906e-02
 1.67501383e-02 1.70345530e-02 1.71461906e-02 1.72564741e-02
 1.72968209e-02 1.73629411e-02 1.74314082e-02 1.75112728e-02
 1.75474267e-02 1.77145395e-02 1.78556088e-02 1.80287361e-02
 1.81292165e-02 1.82190724e-02 1.83892362e-02 1.84385572e-02
 1.85471140e-02 1.90676413e-02 1.90729387e-02 1.91290509e-02
 1.92288645e-02 1.92881878e-02 1.94911379e-02 1.96727533e-02
 1.97270978e-02 2.00040061e-02 2.00400110e-02 2.01746114e-02
 2.03680322e-02 2.04565246e-02 2.05762107e-02 2.05912106e-02
 2.11820509e-02 2.12452915e-02 2.13685986e-02 2.17602216e-02
 2.19252296e-02 2.21021716e-02 2.21887566e-02 2.23398209e-02
 2.23407019e-02 2.29183827e-02 2.30698138e-02 2.31473800e-02
 2.32194159e-02 2.34794281e-02 2.35556047e-02 2.36490760e-02
 2.38089096e-02 2.39213426e-02 2.41199024e-02 2.42161769e-02
 2.42535863e-02 2.44000200e-02 2.44979952e-02 2.46818550e-02
 2.50439830e-02 2.52692010e-02 2.55032647e-02 2.55924184e-02
 2.62186732e-02 2.65551880e-02 2.66385470e-02 2.67531909e-02
 2.76016891e-02 2.76136082e-02 2.77959276e-02 2.82251164e-02
 2.83697937e-02 2.85526756e-02 2.87577398e-02 2.90237684e-02
 3.02237552e-02 3.02862506e-02 3.02945189e-02 3.03198788e-02
 3.05370316e-02 3.05408016e-02 3.07709854e-02 3.10312565e-02
 3.11125629e-02 3.12549844e-02 3.14598605e-02 3.19227949e-02
 3.23965140e-02 3.24636661e-02 3.26703936e-02 3.28786485e-02
 3.29558738e-02 3.35559659e-02 3.37417126e-02 3.40792611e-02
 3.41066346e-02 3.41391116e-02 3.42299454e-02 3.45724709e-02
 3.51891443e-02 3.57039496e-02 3.57369334e-02 3.58706228e-02
 3.66660766e-02 3.69345024e-02 3.71617153e-02 3.74778621e-02
 3.75573076e-02 3.78721766e-02 3.79582942e-02 3.83566171e-02
 3.85622680e-02 3.90516445e-02 3.96252722e-02 3.97193953e-02
 3.99577878e-02 4.02039550e-02 4.05425504e-02 4.07266170e-02
 4.15728688e-02 4.16144356e-02 4.16180529e-02 4.17711362e-02
 4.17990759e-02 4.23624106e-02 4.28958908e-02 4.29491401e-02
 4.39679734e-02 4.41097282e-02 4.43998054e-02 4.46429662e-02
 4.57026660e-02 4.61662188e-02 4.66972739e-02 4.73490879e-02
 4.75991517e-02 4.85138409e-02 4.88225073e-02 4.95906845e-02
 5.02976142e-02 5.12148552e-02 5.13857789e-02 5.18565103e-02
 5.20817637e-02 5.55222780e-02 5.56301884e-02 5.56497015e-02
 5.59266247e-02 5.61312288e-02 5.68043888e-02 5.77740707e-02
 5.81157245e-02 6.02644905e-02 6.18112907e-02 6.21837303e-02
 6.23624027e-02 6.37919828e-02 6.44464418e-02 6.48856014e-02
 6.50287345e-02 6.51121065e-02 6.51188567e-02 6.65311366e-02
 6.66577220e-02 6.76860511e-02 6.80697039e-02 6.97298497e-02
 6.97880015e-02 7.29536191e-02 7.46402442e-02 7.51498640e-02
 7.52576813e-02 7.86684602e-02 8.35378319e-02 8.41765553e-02
 8.46572444e-02 9.03563574e-02 9.45917070e-02 1.00269474e-01
 1.06738463e-01 1.07995480e-01 1.13424629e-01 1.17791861e-01
 1.25065684e-01 1.25530109e-01 1.59520447e-01 1.76743820e-01]",9.939888954162598,-1.3208873511234371,720
13,1.6677888631820679,0.10266511887311935,0.13927456736564636,module.layer3.1.conv1,"[1.4978092e-15 1.5498028e-15 1.7138815e-15 ... 9.5677517e-02 9.8146051e-02
 1.0266512e-01]",61.68510437011719,-1.6487378538500685,10000
14,1.6166026592254639,0.16733728349208832,0.1278403401374817,module.layer3.1.conv2,"[4.0713421e-06 4.1248554e-06 4.6115069e-06 ... 1.3171475e-01 1.6725324e-01
 1.6733728e-01]",53.2530632019043,-1.2551420823998944,10000
15,1.8847506046295166,0.1447141319513321,0.13515877723693848,module.layer4.0.conv1,"[2.6848332e-22 3.5165670e-22 3.7576532e-22 ... 9.9813275e-02 1.1993203e-01
 1.4471413e-01]",99.59358215332031,-1.5822275060722304,10000
16,1.9746614694595337,0.07485799491405487,0.1331874132156372,module.layer4.0.conv2,"[6.2606327e-05 7.1358918e-05 7.5632939e-05 ... 6.1037533e-02 6.8766028e-02
 7.4857995e-02]",72.58749389648438,-2.222998469458772,10000
17,1.3384835720062256,0.33547958731651306,0.18864580988883972,module.layer4.0.shortcut.0,"[8.6806179e-10 1.1731451e-09 1.1866995e-09 ... 2.4122882e-01 2.5002605e-01
 3.3547959e-01]",79.23141479492188,-0.6348881326522894,10000
18,1.8635592460632324,0.13468198478221893,0.13905936479568481,module.layer4.1.conv1,"[4.2026770e-14 4.3895775e-14 4.4536874e-14 ... 1.0658639e-01 1.1110994e-01
 1.3468198e-01]",109.06180572509766,-1.6225833170560289,10000
19,1.4396485090255737,0.059910401701927185,0.1280263066291809,module.layer4.1.conv2,"[3.5710680e-06 4.3373479e-06 4.4379153e-06 ... 5.2617930e-02 5.2989978e-02
 5.9910402e-02]",34.26521682739258,-1.7599670896158581,10000
20,2.1925368309020996,9.176746368408203,0.1502576470375061,module.linear,"[2.17357187e-12 2.27130142e-12 2.31958528e-12 2.34400845e-12
 2.38986435e-12 2.51131993e-12 2.56884076e-12 2.60012649e-12
 2.63362205e-12 2.75846273e-12 4.23263125e-02 4.48415130e-02
 4.57416140e-02 4.73930910e-02 4.82096039e-02 4.94264029e-02
 5.02067171e-02 5.27914129e-02 5.47503233e-02 5.53363711e-02
 5.64235859e-02 5.65502085e-02 5.72717153e-02 5.75579964e-02
 5.81106097e-02 5.85115701e-02 5.96631430e-02 6.17857091e-02
 6.19997457e-02 6.20729998e-02 6.26613051e-02 6.27291352e-02
 6.30232096e-02 6.36139810e-02 6.40194640e-02 6.51870444e-02
 6.59157187e-02 6.73493892e-02 6.77695647e-02 6.95994645e-02
 7.08423257e-02 7.10601881e-02 7.18857273e-02 7.20797554e-02
 7.38389120e-02 7.54442811e-02 7.61687905e-02 7.63574392e-02
 7.67268464e-02 7.84025192e-02 7.99589753e-02 8.01009238e-02
 8.01830962e-02 8.02101344e-02 8.10929388e-02 8.10993761e-02
 8.11708719e-02 8.14403892e-02 8.17622244e-02 8.20988044e-02
 8.30986425e-02 8.36356655e-02 8.58392268e-02 8.75001252e-02
 8.80369768e-02 8.97317752e-02 9.03176665e-02 9.11254734e-02
 9.17155817e-02 9.19544622e-02 9.28495079e-02 9.28692892e-02
 9.36749056e-02 9.67416987e-02 9.70480070e-02 9.74581316e-02
 9.76680443e-02 9.86721739e-02 9.98628065e-02 1.01596221e-01
 1.01872794e-01 1.02197990e-01 1.03315689e-01 1.03949524e-01
 1.03984237e-01 1.04269601e-01 1.04423769e-01 1.05129413e-01
 1.08249664e-01 1.10528417e-01 1.10534497e-01 1.10927194e-01
 1.12245813e-01 1.12995170e-01 1.13618709e-01 1.14052489e-01
 1.14130683e-01 1.14743508e-01 1.16193205e-01 1.20084129e-01
 1.20091625e-01 1.21212624e-01 1.21422186e-01 1.22607082e-01
 1.23303525e-01 1.23396911e-01 1.23560131e-01 1.25730559e-01
 1.27762049e-01 1.28432333e-01 1.29539460e-01 1.30217552e-01
 1.30498573e-01 1.31780714e-01 1.31871954e-01 1.33291885e-01
 1.35671645e-01 1.37588486e-01 1.38050720e-01 1.38539970e-01
 1.38745591e-01 1.38929471e-01 1.43580988e-01 1.43776357e-01
 1.44914150e-01 1.45179316e-01 1.45339012e-01 1.46110624e-01
 1.47704259e-01 1.49106652e-01 1.49198890e-01 1.50322884e-01
 1.51138946e-01 1.54075354e-01 1.55784607e-01 1.56541064e-01
 1.57704413e-01 1.59275889e-01 1.59923956e-01 1.60318494e-01
 1.61963120e-01 1.63902655e-01 1.64859459e-01 1.65632963e-01
 1.65994152e-01 1.66088074e-01 1.66158855e-01 1.66951627e-01
 1.68333039e-01 1.69785008e-01 1.70939580e-01 1.71873137e-01
 1.72052532e-01 1.72915697e-01 1.74289376e-01 1.75365925e-01
 1.75694808e-01 1.78392276e-01 1.79928541e-01 1.81768417e-01
 1.81780398e-01 1.82675868e-01 1.83898956e-01 1.85570329e-01
 1.86963052e-01 1.87289938e-01 1.87334150e-01 1.87537551e-01
 1.88521221e-01 1.90265492e-01 1.93385348e-01 1.93701640e-01
 1.94892660e-01 1.96789846e-01 1.97139844e-01 1.97357237e-01
 1.99091792e-01 2.01734647e-01 2.02698067e-01 2.03018144e-01
 2.03402460e-01 2.04943344e-01 2.06221789e-01 2.07764909e-01
 2.09759802e-01 2.10066691e-01 2.10229158e-01 2.12030500e-01
 2.12474480e-01 2.13565573e-01 2.16108277e-01 2.19453514e-01
 2.19972357e-01 2.22650304e-01 2.24579304e-01 2.26238877e-01
 2.27324560e-01 2.27913976e-01 2.29178920e-01 2.32114539e-01
 2.32777596e-01 2.33359605e-01 2.34120518e-01 2.36897290e-01
 2.37793431e-01 2.40093052e-01 2.42078826e-01 2.43638858e-01
 2.44147956e-01 2.46795207e-01 2.47247592e-01 2.47894034e-01
 2.48084113e-01 2.52670586e-01 2.52694726e-01 2.53379971e-01
 2.54969448e-01 2.55768955e-01 2.61672854e-01 2.61679262e-01
 2.63090074e-01 2.63235927e-01 2.64187038e-01 2.68306643e-01
 2.68806070e-01 2.70156354e-01 2.71447927e-01 2.74718165e-01
 2.77397603e-01 2.77909458e-01 2.80460030e-01 2.80512810e-01
 2.80931234e-01 2.82916456e-01 2.83384204e-01 2.86268830e-01
 2.87307501e-01 2.88214296e-01 2.88809657e-01 2.91534424e-01
 3.00323576e-01 3.00336063e-01 3.01364839e-01 3.02680135e-01
 3.02835613e-01 3.03054422e-01 3.05977494e-01 3.06377500e-01
 3.08754534e-01 3.13677907e-01 3.15666258e-01 3.16160202e-01
 3.16754431e-01 3.19272548e-01 3.20426494e-01 3.20733130e-01
 3.22254300e-01 3.25943977e-01 3.27173740e-01 3.28162968e-01
 3.28465015e-01 3.36645395e-01 3.37492049e-01 3.37790608e-01
 3.38694960e-01 3.40500593e-01 3.42304975e-01 3.43338042e-01
 3.45451891e-01 3.50128323e-01 3.50730121e-01 3.50879937e-01
 3.52603972e-01 3.54609460e-01 3.64992112e-01 3.66594076e-01
 3.69363546e-01 3.69581491e-01 3.72597486e-01 3.73010188e-01
 3.78996372e-01 3.81628245e-01 3.82499039e-01 3.82510304e-01
 3.84967178e-01 3.86383712e-01 3.91186446e-01 3.91613483e-01
 3.97461951e-01 3.99826616e-01 4.00666833e-01 4.01287347e-01
 4.01302069e-01 4.04216945e-01 4.04527962e-01 4.04953212e-01
 4.05262172e-01 4.05624837e-01 4.07896042e-01 4.08321530e-01
 4.13670629e-01 4.16714281e-01 4.17139560e-01 4.17396665e-01
 4.19060111e-01 4.20930713e-01 4.23757970e-01 4.32031363e-01
 4.33664978e-01 4.34486598e-01 4.34538692e-01 4.35477763e-01
 4.35938269e-01 4.36785966e-01 4.42508072e-01 4.43101853e-01
 4.44181919e-01 4.44341719e-01 4.45751101e-01 4.46666449e-01
 4.52715665e-01 4.53684241e-01 4.54296291e-01 4.58432436e-01
 4.62931037e-01 4.64366317e-01 4.65458006e-01 4.66619551e-01
 4.66914475e-01 4.67391193e-01 4.75342989e-01 4.77505445e-01
 4.78358090e-01 4.81281638e-01 4.83971179e-01 4.86823589e-01
 4.87490296e-01 4.87819195e-01 4.87987250e-01 4.88568574e-01
 4.89797324e-01 4.94752645e-01 4.95180368e-01 4.97805208e-01
 5.00439644e-01 5.03151953e-01 5.04703820e-01 5.08585870e-01
 5.08900166e-01 5.12515485e-01 5.14539361e-01 5.16599596e-01
 5.17372310e-01 5.23432016e-01 5.27587771e-01 5.28202474e-01
 5.31328082e-01 5.32658041e-01 5.36653399e-01 5.39402306e-01
 5.42465448e-01 5.43881834e-01 5.44447958e-01 5.46003282e-01
 5.48453271e-01 5.50355852e-01 5.50983429e-01 5.61295807e-01
 5.64544380e-01 5.64710259e-01 5.67424893e-01 5.70186853e-01
 5.72913885e-01 5.75155199e-01 5.76896906e-01 5.80026031e-01
 5.80656409e-01 5.80785275e-01 5.90725899e-01 5.94127953e-01
 5.96068203e-01 5.96691966e-01 6.00525022e-01 6.03044331e-01
 6.07473850e-01 6.09901428e-01 6.14086151e-01 6.19534910e-01
 6.22730792e-01 6.24486983e-01 6.27893865e-01 6.28345132e-01
 6.30532980e-01 6.32811964e-01 6.34507656e-01 6.38309717e-01
 6.41622663e-01 6.42064095e-01 6.49387181e-01 6.49735928e-01
 6.52320147e-01 6.54197156e-01 6.55554831e-01 6.56646907e-01
 6.56933367e-01 6.57253444e-01 6.58011556e-01 6.64676249e-01
 6.69908583e-01 6.71294391e-01 6.71788096e-01 6.85839713e-01
 6.92042530e-01 6.92424119e-01 6.92684531e-01 6.92806542e-01
 6.93960786e-01 7.00292945e-01 7.02190280e-01 7.02230930e-01
 7.13737786e-01 7.14732766e-01 7.18146563e-01 7.20130324e-01
 7.24631846e-01 7.27182686e-01 7.27492154e-01 7.28803277e-01
 7.32025445e-01 7.32422650e-01 7.32465923e-01 7.32607126e-01
 7.34610200e-01 7.34761119e-01 7.38569558e-01 7.39394307e-01
 7.44385660e-01 7.52727807e-01 7.59573340e-01 7.64233649e-01
 7.67541289e-01 7.69555032e-01 7.76244581e-01 7.78362453e-01
 7.78643072e-01 7.80415058e-01 7.83028245e-01 7.87389874e-01
 7.88565278e-01 7.97706306e-01 7.99289703e-01 8.02677870e-01
 8.04857671e-01 8.10881019e-01 8.12383056e-01 8.18416476e-01
 8.23526323e-01 8.24022651e-01 8.27261031e-01 8.30901444e-01
 8.31250906e-01 8.38823855e-01 8.41949463e-01 8.44774723e-01
 8.45382333e-01 8.46161723e-01 8.48623335e-01 8.55085254e-01
 8.63604605e-01 8.64389777e-01 8.64732087e-01 8.68355453e-01
 8.70339572e-01 8.77863824e-01 8.83527696e-01 8.89903605e-01
 8.91564131e-01 8.93591523e-01 8.94134283e-01 8.94551396e-01
 8.94964993e-01 8.95087838e-01 8.97754788e-01 8.98268759e-01
 9.04125631e-01 9.08337176e-01 9.09838080e-01 9.11789238e-01
 9.15763915e-01 9.16494191e-01 9.20215845e-01 9.22605813e-01
 9.24772680e-01 9.25431073e-01 9.26244795e-01 9.27209795e-01
 9.29300785e-01 9.32789207e-01 9.34550643e-01 9.41295087e-01
 9.41797495e-01 9.47266340e-01 9.47867334e-01 9.48107243e-01
 9.54196155e-01 9.58133698e-01 9.67725813e-01 9.70807731e-01
 9.70824063e-01 9.73758399e-01 9.75994289e-01 9.77625847e-01
 9.84846056e-01 9.86592352e-01 9.87381816e-01 9.88965631e-01
 9.91013169e-01 9.94147778e-01 9.98173356e-01 1.00552082e+00
 1.00789380e+00 1.00856125e+00 1.01051319e+00 1.01635408e+00
 1.01723480e+00 1.02083910e+00 1.02876794e+00 1.02959275e+00
 1.03572989e+00 1.03750896e+00 1.04142594e+00 1.04539096e+00
 1.04774868e+00 1.05147898e+00 1.05163741e+00 1.05881751e+00
 1.07288551e+00 1.07507968e+00 1.07615209e+00 1.07835984e+00
 1.07901084e+00 1.08448112e+00 1.08940971e+00 1.09019041e+00
 1.10435891e+00 1.11057353e+00 1.11395073e+00 1.11596143e+00
 1.11863077e+00 1.12196612e+00 1.12504745e+00 1.12984145e+00
 1.13388622e+00 1.13575876e+00 1.13994288e+00 1.14056480e+00
 1.14107823e+00 1.14401126e+00 1.15381789e+00 1.15497243e+00
 1.15589321e+00 1.15887237e+00 1.17047179e+00 1.17684281e+00
 1.17903864e+00 1.18123186e+00 1.18504715e+00 1.18783629e+00
 1.19155371e+00 1.19634438e+00 1.19690931e+00 1.20461953e+00
 1.20977688e+00 1.21458471e+00 1.21532929e+00 1.21567464e+00
 1.21743345e+00 1.22727048e+00 1.22841895e+00 1.23484457e+00
 1.24638546e+00 1.25008774e+00 1.25298274e+00 1.25779593e+00
 1.26214433e+00 1.26302028e+00 1.26652098e+00 1.26816177e+00
 1.27506649e+00 1.28007913e+00 1.28571177e+00 1.29602802e+00
 1.29612601e+00 1.29988265e+00 1.30468535e+00 1.30840671e+00
 1.30845571e+00 1.31301689e+00 1.31551349e+00 1.31574976e+00
 1.32188618e+00 1.32490611e+00 1.32917535e+00 1.33083117e+00
 1.33831620e+00 1.34152591e+00 1.34259677e+00 1.34505677e+00
 1.34767056e+00 1.35002422e+00 1.35398650e+00 1.35453308e+00
 1.36465728e+00 1.36479771e+00 1.36488211e+00 1.36940646e+00
 1.38147950e+00 1.39036429e+00 1.39472353e+00 1.40186512e+00
 1.40255058e+00 1.40518534e+00 1.41355062e+00 1.41863346e+00
 1.42100191e+00 1.42335641e+00 1.42809606e+00 1.43315327e+00
 1.43443286e+00 1.44048226e+00 1.44605553e+00 1.44682801e+00
 1.44880176e+00 1.45285976e+00 1.46327770e+00 1.46571839e+00
 1.46799171e+00 1.47032619e+00 1.47208643e+00 1.47422576e+00
 1.47947240e+00 1.48474264e+00 1.49171662e+00 1.49531770e+00
 1.49702203e+00 1.50724697e+00 1.51340747e+00 1.51550531e+00
 1.51691389e+00 1.51901495e+00 1.52797198e+00 1.53753972e+00
 1.53904009e+00 1.54922807e+00 1.55983055e+00 1.56205094e+00
 1.57329535e+00 1.57863235e+00 1.58603311e+00 1.58959925e+00
 1.59754574e+00 1.59774041e+00 1.59904742e+00 1.61044157e+00
 1.61678863e+00 1.62350321e+00 1.63006008e+00 1.63799870e+00
 1.63918734e+00 1.64366233e+00 1.65086377e+00 1.65978205e+00
 1.66179490e+00 1.66675830e+00 1.67639327e+00 1.68489766e+00
 1.68495774e+00 1.68632901e+00 1.69023919e+00 1.69110382e+00
 1.69247162e+00 1.69932866e+00 1.71625233e+00 1.71800125e+00
 1.71913302e+00 1.72451425e+00 1.72564757e+00 1.72743976e+00
 1.72921383e+00 1.73416626e+00 1.73472428e+00 1.74580956e+00
 1.74750531e+00 1.74894476e+00 1.75228000e+00 1.75288761e+00
 1.76082754e+00 1.76152742e+00 1.77156532e+00 1.77710652e+00
 1.78510678e+00 1.79174352e+00 1.79528952e+00 1.80216563e+00
 1.80523026e+00 1.81295192e+00 1.81319368e+00 1.82014537e+00
 1.82890666e+00 1.83473206e+00 1.83523238e+00 1.83530211e+00
 1.83938897e+00 1.84699142e+00 1.85048831e+00 1.85415983e+00
 1.85695291e+00 1.86440337e+00 1.86564314e+00 1.87273383e+00
 1.88371909e+00 1.88941455e+00 1.89414883e+00 1.90066910e+00
 1.90816152e+00 1.90973341e+00 1.92411947e+00 1.92580414e+00
 1.92748427e+00 1.92763257e+00 1.93930507e+00 1.94859242e+00
 1.95788801e+00 1.97059894e+00 1.97800350e+00 1.98636627e+00
 1.98893332e+00 1.98979151e+00 1.99113798e+00 2.00283289e+00
 2.00896692e+00 2.01527333e+00 2.01868057e+00 2.02557969e+00
 2.02664351e+00 2.02828264e+00 2.04671645e+00 2.04881239e+00
 2.05022120e+00 2.06414866e+00 2.07008147e+00 2.07099867e+00
 2.07203317e+00 2.08812189e+00 2.10762310e+00 2.10779095e+00
 2.11624861e+00 2.11822534e+00 2.12335587e+00 2.13233352e+00
 2.15249538e+00 2.15357161e+00 2.15737367e+00 2.15964031e+00
 2.16381431e+00 2.16628194e+00 2.17679763e+00 2.17730379e+00
 2.17945004e+00 2.18213224e+00 2.18781543e+00 2.19952679e+00
 2.21076298e+00 2.22143602e+00 2.24146581e+00 2.24242330e+00
 2.25971603e+00 2.26500487e+00 2.26550770e+00 2.26597810e+00
 2.27230740e+00 2.27917624e+00 2.28053451e+00 2.28560638e+00
 2.28927898e+00 2.29208493e+00 2.29226232e+00 2.29302907e+00
 2.29424882e+00 2.30560803e+00 2.30592036e+00 2.32476735e+00
 2.35248494e+00 2.35348129e+00 2.35374832e+00 2.37045860e+00
 2.37404704e+00 2.40544391e+00 2.41376901e+00 2.41842413e+00
 2.43519688e+00 2.43858695e+00 2.44382858e+00 2.44548082e+00
 2.45807767e+00 2.46870995e+00 2.47342205e+00 2.48980236e+00
 2.49151826e+00 2.50663424e+00 2.51047611e+00 2.51391149e+00
 2.51409602e+00 2.52503657e+00 2.52629828e+00 2.53396869e+00
 2.54604292e+00 2.54757357e+00 2.57003641e+00 2.57634568e+00
 2.57774925e+00 2.59196877e+00 2.59833407e+00 2.60266399e+00
 2.61736059e+00 2.62922668e+00 2.63332272e+00 2.65658092e+00
 2.67069483e+00 2.67157316e+00 2.69340420e+00 2.69411087e+00
 2.69710040e+00 2.71220374e+00 2.72398448e+00 2.72694898e+00
 2.73545027e+00 2.73858619e+00 2.74135017e+00 2.74887896e+00
 2.74914551e+00 2.75202155e+00 2.75394416e+00 2.77122450e+00
 2.80296135e+00 2.81322455e+00 2.83028436e+00 2.83772182e+00
 2.84147978e+00 2.86838889e+00 2.88198256e+00 2.88959575e+00
 2.90523958e+00 2.90710282e+00 2.90753341e+00 2.90964556e+00
 2.91244960e+00 2.91943479e+00 2.93314004e+00 2.94084907e+00
 2.94850039e+00 2.95389175e+00 2.96316028e+00 2.97013712e+00
 2.98149776e+00 2.98346329e+00 2.99287748e+00 2.99480343e+00
 3.01994896e+00 3.03007960e+00 3.03572106e+00 3.04096460e+00
 3.04280591e+00 3.04513407e+00 3.05118227e+00 3.05389261e+00
 3.06117296e+00 3.10267806e+00 3.12972760e+00 3.13151932e+00
 3.13217926e+00 3.15511918e+00 3.15856767e+00 3.16952157e+00
 3.18332434e+00 3.18671656e+00 3.19304156e+00 3.21417832e+00
 3.23909616e+00 3.25082827e+00 3.27278423e+00 3.27875137e+00
 3.28002620e+00 3.28445578e+00 3.29100919e+00 3.29648137e+00
 3.32536507e+00 3.33116770e+00 3.35610390e+00 3.35912395e+00
 3.37951779e+00 3.37973118e+00 3.38123751e+00 3.44739437e+00
 3.44986367e+00 3.45398545e+00 3.46895456e+00 3.47007322e+00
 3.47589946e+00 3.47730160e+00 3.49185658e+00 3.52553296e+00
 3.53011227e+00 3.53435302e+00 3.53809834e+00 3.57383180e+00
 3.58193326e+00 3.63750625e+00 3.67875695e+00 3.69953704e+00
 3.70584059e+00 3.72198391e+00 3.75372601e+00 3.76335883e+00
 3.77325153e+00 3.79677510e+00 3.80773187e+00 3.82001734e+00
 3.82086968e+00 3.89272451e+00 3.91224647e+00 3.95032716e+00
 3.97485161e+00 3.98326731e+00 4.00525284e+00 4.00752592e+00
 4.03668022e+00 4.07625818e+00 4.08669710e+00 4.14788961e+00
 4.15230942e+00 4.19031525e+00 4.22872019e+00 4.24908876e+00
 4.27708578e+00 4.27770138e+00 4.29269409e+00 4.38536072e+00
 4.48459196e+00 4.55028772e+00 4.59775066e+00 4.71324015e+00
 4.72552681e+00 4.73435211e+00 4.77304220e+00 4.85266829e+00
 4.92411375e+00 5.02930689e+00 5.10286283e+00 5.13817453e+00
 5.15542984e+00 5.22992373e+00 5.29366875e+00 5.34677172e+00
 5.39792061e+00 5.54714155e+00 5.57491255e+00 5.58205509e+00
 5.73733711e+00 5.73768997e+00 5.75313139e+00 5.75867891e+00
 5.78345156e+00 5.87002373e+00 5.89905024e+00 5.92177534e+00
 6.02343845e+00 6.03849077e+00 6.13329935e+00 6.21120310e+00
 6.53723192e+00 6.76407766e+00 6.78291750e+00 6.79873610e+00
 6.89278793e+00 6.92513847e+00 6.99080181e+00 7.09707022e+00
 7.22183466e+00 7.41264820e+00 7.45766020e+00 7.53916359e+00
 7.60029030e+00 7.83101559e+00 8.08590221e+00 8.39956474e+00
 8.87991428e+00 8.93369865e+00 9.09404755e+00 9.17674637e+00]",1454.4781494140625,2.1107304941893794,1000
